1 1.513027 1.555041 1.019898 113.255684 180.000000 0.000000
2 1.499192 1.573446 0.951381 107.893152 180.000000 0.000000
3 1.571024 1.717865 0.942593 120.075054 180.000000 0.000000
4 1.451596 1.678472 0.980110 127.007580 180.000000 0.000000
5 1.449554 1.598459 1.028640 104.715384 180.000000 0.000000
6 1.468498 1.668737 1.044577 116.847760 180.000000 0.000000
7 1.471789 1.513374 1.058611 119.100448 180.000000 0.000000
8 1.563374 1.572793 0.975885 114.978864 180.000000 0.000000
9 1.436378 1.621572 0.946596 115.890148 180.000000 0.000000
10 1.576381 1.626579 0.868123 108.241016 180.000000 0.000000
11 1.514411 1.531464 0.932900 112.126904 180.000000 0.000000
12 1.413113 1.575516 0.932660 111.295216 180.000000 0.000000
13 1.452333 1.528894 0.950810 115.450486 180.000000 0.000000
14 1.497824 1.590352 0.966022 112.753203 180.000000 0.000000
15 1.471989 1.607091 0.838078 108.582304 180.000000 0.000000
16 1.446075 1.640646 0.980870 119.551032 180.000000 0.000000
17 1.529329 1.689833 0.958863 110.019815 180.000000 0.000000
18 1.469964 1.614378 1.087494 121.202791 180.000000 0.000000
19 1.452610 1.557324 0.993871 108.977435 180.000000 0.000000
20 1.468203 1.570250 0.964896 115.513605 180.000000 0.000000
21 1.439153 1.579555 0.940952 105.195659 180.000000 0.000000
22 1.484726 1.599186 1.013404 109.182721 180.000000 0.000000
23 1.481001 1.570785 0.935310 121.640880 180.000000 0.000000
24 1.426523 1.518843 0.882205 109.757539 180.000000 0.000000
25 1.453669 1.611321 0.925494 111.392408 180.000000 0.000000
26 1.422983 1.494730 0.938935 113.700688 180.000000 0.000000
27 1.597863 1.567887 0.955421 111.671769 180.000000 0.000000
28 1.598958 1.658947 0.952668 121.436349 180.000000 0.000000
29 1.451730 1.650836 0.914670 109.325350 180.000000 0.000000
30 1.474365 1.486457 0.988710 114.607493 180.000000 0.000000
31 1.469847 1.595038 0.984020 102.966352 180.000000 0.000000
32 1.475926 1.592923 0.993270 105.582795 180.000000 0.000000
33 1.433143 1.491493 0.961282 107.077078 180.000000 0.000000
34 1.479919 1.487998 0.978937 107.878433 180.000000 0.000000
35 1.398730 1.649021 0.863441 105.059436 180.000000 0.000000
36 1.425342 1.644050 1.031923 114.461734 180.000000 0.000000
37 1.506784 1.663367 1.097154 110.940823 180.000000 0.000000
38 1.407938 1.640970 0.940048 108.008654 180.000000 0.000000
39 1.458848 1.610366 1.027039 110.838372 180.000000 0.000000
40 1.487650 1.600559 0.989671 111.328354 180.000000 0.000000
41 1.454610 1.511529 0.949584 119.261961 180.000000 0.000000
42 1.477574 1.523455 0.955568 110.060062 180.000000 0.000000
43 1.490039 1.566134 0.938930 103.003827 180.000000 0.000000
44 1.423200 1.496613 0.951405 116.402706 180.000000 0.000000
45 1.432740 1.513415 0.999930 120.614409 180.000000 0.000000
46 1.404260 1.567015 0.906932 111.382108 180.000000 0.000000
47 1.514312 1.763193 0.935792 110.810109 180.000000 0.000000
48 1.487874 1.621993 1.015095 107.374510 180.000000 0.000000
49 1.452569 1.670154 0.959834 109.066358 180.000000 0.000000
50 1.486479 1.601412 0.955331 107.802666 180.000000 0.000000
51 1.454334 1.707740 0.948554 112.727630 180.000000 0.000000
52 1.427332 1.621062 0.987099 110.027603 180.000000 0.000000
53 1.425937 1.562755 0.973201 109.574961 180.000000 0.000000
54 1.460060 1.683057 1.033365 117.381893 180.000000 0.000000
55 1.500185 1.642611 0.963125 110.120404 180.000000 0.000000
56 1.447201 1.537697 1.036529 114.065626 180.000000 0.000000
57 1.490599 1.518049 0.973891 113.371871 180.000000 0.000000
58 1.611120 1.541783 0.963216 106.567389 180.000000 0.000000
59 1.510946 1.626838 0.913045 112.929513 180.000000 0.000000
60 1.432354 1.759982 0.931870 117.157567 180.000000 0.000000
61 1.396337 1.608623 0.932236 107.918930 180.000000 0.000000
62 1.459430 1.459761 0.953107 110.391342 180.000000 0.000000
63 1.447970 1.548151 1.020222 104.530810 180.000000 0.000000
64 1.571137 1.651402 0.981105 123.137205 180.000000 0.000000
65 1.482381 1.732071 0.957727 108.160963 180.000000 0.000000
66 1.491333 1.586737 1.056056 112.129022 180.000000 0.000000
67 1.508803 1.693763 1.007527 104.204395 180.000000 0.000000
68 1.472604 1.659360 0.986457 101.695102 180.000000 0.000000
69 1.476050 1.693614 1.020318 106.083651 180.000000 0.000000
70 1.481361 1.587046 0.989576 104.393382 180.000000 0.000000
71 1.469541 1.635794 0.953202 119.076519 180.000000 0.000000
72 1.446330 1.723011 0.959646 109.723733 180.000000 0.000000
73 1.512582 1.612516 0.954875 103.552073 180.000000 0.000000
74 1.392211 1.599350 1.015855 103.551531 180.000000 0.000000
75 1.459622 1.588737 0.942645 130.095365 180.000000 0.000000
76 1.483069 1.580868 0.909103 113.295916 180.000000 0.000000
77 1.484654 1.607536 1.019847 106.217399 180.000000 0.000000
78 1.541645 1.613498 1.020742 104.083545 180.000000 0.000000
79 1.502106 1.687178 0.893399 107.445397 180.000000 0.000000
80 1.472269 1.614290 0.972038 117.006029 180.000000 0.000000
81 1.456093 1.508616 0.968529 107.213641 180.000000 0.000000
82 1.571682 1.667918 0.890936 99.604240 180.000000 0.000000
83 1.511870 1.528162 1.016366 114.362658 180.000000 0.000000
84 1.417832 1.701949 1.000117 107.973294 180.000000 0.000000
85 1.489304 1.558522 1.003170 118.270423 180.000000 0.000000
86 1.406993 1.495918 1.027085 115.281218 180.000000 0.000000
87 1.457294 1.557548 0.924531 119.966128 180.000000 0.000000
88 1.492174 1.562834 0.994021 114.769011 180.000000 0.000000
89 1.523001 1.697632 0.888578 119.288310 180.000000 0.000000
90 1.473495 1.588368 0.988518 108.907396 180.000000 0.000000
91 1.436371 1.582019 0.937017 108.978513 180.000000 0.000000
92 1.477338 1.541392 1.104210 120.223987 180.000000 0.000000
93 1.452327 1.760317 0.987293 103.286587 180.000000 0.000000
94 1.397240 1.683705 0.972038 110.208227 180.000000 0.000000
95 1.464539 1.570118 0.974428 99.974164 180.000000 0.000000
96 1.481191 1.539226 0.950182 104.604462 180.000000 0.000000
97 1.431185 1.637140 0.936462 108.922928 180.000000 0.000000
98 1.505960 1.622708 0.976788 100.304628 180.000000 0.000000
99 1.414548 1.725709 0.957512 101.940181 180.000000 0.000000
100 1.474246 1.560014 0.934736 97.556163 180.000000 0.000000
101 1.476553 1.507012 0.937658 117.351061 180.000000 0.000000
102 1.501669 1.635835 1.054250 101.988999 180.000000 0.000000
103 1.491314 1.657572 0.931284 105.037804 180.000000 0.000000
104 1.444189 1.569137 1.049756 106.527528 180.000000 0.000000
105 1.470143 1.590713 0.892411 117.882115 180.000000 0.000000
106 1.484777 1.695760 0.951570 106.938455 180.000000 0.000000
107 1.411829 1.709559 1.031390 104.525942 180.000000 0.000000
108 1.504837 1.703006 1.019378 123.501324 180.000000 0.000000
109 1.519866 1.603664 0.985052 107.368701 180.000000 0.000000
110 1.467253 1.590282 0.990545 110.620420 180.000000 0.000000
111 1.472974 1.618271 1.005760 101.972467 180.000000 0.000000
112 1.429970 1.518956 0.938096 110.685506 180.000000 0.000000
113 1.399744 1.586878 0.950996 113.530097 180.000000 0.000000
114 1.431302 1.753579 0.960139 119.338755 180.000000 0.000000
115 1.508865 1.576334 1.071839 111.341249 180.000000 0.000000
116 1.470232 1.505724 0.948739 108.737036 180.000000 0.000000
117 1.435976 1.549284 0.926079 125.637061 180.000000 0.000000
118 1.436694 1.560422 0.982832 113.272372 180.000000 0.000000
119 1.482273 1.569146 0.972642 122.869312 180.000000 0.000000
120 1.602308 1.627269 1.027846 112.095647 180.000000 0.000000
121 1.458944 1.685559 1.007579 110.566785 180.000000 0.000000
122 1.534388 1.676369 0.998686 103.918050 180.000000 0.000000
123 1.394421 1.825088 0.987026 112.111341 180.000000 0.000000
124 1.451263 1.789691 0.997331 103.216731 180.000000 0.000000
125 1.455379 1.564067 0.941866 111.381303 180.000000 0.000000
126 1.498679 1.636381 0.900494 114.348338 180.000000 0.000000
127 1.449653 1.567310 0.958478 110.157933 180.000000 0.000000
128 1.439840 1.665855 1.006368 106.877074 180.000000 0.000000
129 1.538811 1.462959 0.958288 105.362736 180.000000 0.000000
130 1.411303 1.591757 0.997467 100.802440 180.000000 0.000000
131 1.453498 1.645992 0.972835 106.013157 180.000000 0.000000
132 1.467233 1.469293 1.034329 112.813768 180.000000 0.000000
133 1.502636 1.734720 0.897150 119.005404 180.000000 0.000000
134 1.456064 1.571651 0.897203 109.025418 180.000000 0.000000
135 1.446234 1.666361 0.972418 106.067938 180.000000 0.000000
136 1.553946 1.664449 0.867214 103.213875 180.000000 0.000000
137 1.448574 1.601928 0.956630 126.279283 180.000000 0.000000
138 1.412668 1.725893 0.928683 113.542281 180.000000 0.000000
139 1.437072 1.751502 0.941049 103.170225 180.000000 0.000000
140 1.531879 1.707305 0.994073 105.657777 180.000000 0.000000
141 1.538091 1.581383 0.921108 102.180432 180.000000 0.000000
142 1.504289 1.630755 0.882125 112.024328 180.000000 0.000000
143 1.495755 1.521820 0.874748 113.260438 180.000000 0.000000
144 1.470764 1.684879 0.944494 115.077312 180.000000 0.000000
145 1.376190 1.682460 0.996817 109.089447 180.000000 0.000000
146 1.535458 1.621759 1.012434 114.942110 180.000000 0.000000
147 1.510402 1.692478 0.950812 119.471424 180.000000 0.000000
148 1.554484 1.626752 1.076436 106.717072 180.000000 0.000000
149 1.439945 1.552760 0.989429 108.408942 180.000000 0.000000
150 1.578235 1.780618 0.931586 106.631106 180.000000 0.000000
151 1.507499 1.592329 0.958746 126.099589 180.000000 0.000000
152 1.512160 1.604063 0.995780 117.842774 180.000000 0.000000
153 1.541573 1.666080 1.000453 101.112879 180.000000 0.000000
154 1.478681 1.608080 1.048041 109.581113 180.000000 0.000000
155 1.492229 1.526177 0.975371 101.814054 180.000000 0.000000
156 1.480458 1.666497 0.893702 109.788196 180.000000 0.000000
157 1.470237 1.556278 0.975359 118.342498 180.000000 0.000000
158 1.447584 1.577856 1.045969 110.660441 180.000000 0.000000
159 1.628767 1.613107 0.999776 104.748813 180.000000 0.000000
160 1.437844 1.704561 0.899430 120.663404 180.000000 0.000000
161 1.456612 1.536442 0.998508 118.668396 180.000000 0.000000
162 1.552221 1.545357 0.957377 117.604968 180.000000 0.000000
163 1.460957 1.702987 1.016008 109.292392 180.000000 0.000000
164 1.408786 1.582011 1.012530 114.555002 180.000000 0.000000
165 1.527041 1.611330 0.887941 112.452310 180.000000 0.000000
166 1.523508 1.684973 0.989362 119.181589 180.000000 0.000000
167 1.414437 1.560287 0.965996 125.153395 180.000000 0.000000
168 1.439341 1.658559 0.936346 106.133727 180.000000 0.000000
169 1.466007 1.679569 0.980972 117.711278 180.000000 0.000000
170 1.480361 1.685111 1.025420 112.512196 180.000000 0.000000
171 1.434952 1.640340 0.844494 105.828561 180.000000 0.000000
172 1.461564 1.633244 0.948568 109.483747 180.000000 0.000000
173 1.440978 1.641031 1.051451 125.058132 180.000000 0.000000
174 1.489002 1.564314 0.961790 106.764308 180.000000 0.000000
175 1.493639 1.439768 1.089004 110.279579 180.000000 0.000000
176 1.439916 1.610511 1.025026 114.951128 180.000000 0.000000
177 1.517804 1.554199 0.853587 124.391578 180.000000 0.000000
178 1.476218 1.659044 0.949121 104.614473 180.000000 0.000000
179 1.485570 1.605877 0.984910 109.156294 180.000000 0.000000
180 1.496303 1.580549 0.999323 102.708943 180.000000 0.000000
181 1.455676 1.580257 0.967688 110.773973 180.000000 0.000000
182 1.519456 1.622391 0.973574 93.734502 180.000000 0.000000
183 1.447973 1.577279 0.986636 113.325486 180.000000 0.000000
184 1.493432 1.555399 0.954805 105.296603 180.000000 0.000000
185 1.500625 1.619105 1.022892 103.210569 180.000000 0.000000
186 1.476524 1.542635 0.984162 116.064838 180.000000 0.000000
187 1.475378 1.586830 0.954421 111.086672 180.000000 0.000000
188 1.377171 1.642506 0.893626 104.419410 180.000000 0.000000
189 1.466856 1.728411 0.984181 112.022189 180.000000 0.000000
190 1.453449 1.546701 1.022296 108.472444 180.000000 0.000000
191 1.464450 1.622236 1.003374 105.015012 180.000000 0.000000
192 1.455864 1.661027 0.986158 101.426255 180.000000 0.000000
193 1.463129 1.513174 0.976329 93.539969 180.000000 0.000000
194 1.435379 1.709487 0.908174 104.506691 180.000000 0.000000
195 1.500216 1.510524 1.028412 122.608089 180.000000 0.000000
196 1.568814 1.701670 0.962854 116.766088 180.000000 0.000000
197 1.469348 1.686435 1.050769 100.162095 180.000000 0.000000
198 1.454539 1.657900 0.970955 119.882357 180.000000 0.000000
199 1.498759 1.672437 0.908099 120.632516 180.000000 0.000000
200 1.418963 1.620184 0.997856 99.636296 180.000000 0.000000
201 1.464747 1.599911 1.001610 96.728816 180.000000 0.000000
202 1.547222 1.604804 1.006255 104.720738 180.000000 0.000000
203 1.564739 1.632579 1.039732 103.430182 180.000000 0.000000
204 1.523840 1.731321 1.020328 112.623085 180.000000 0.000000
205 1.477359 1.681838 0.935871 102.979891 180.000000 0.000000
206 1.444116 1.599312 0.945458 105.530069 180.000000 0.000000
207 1.454444 1.721541 0.986140 111.378242 180.000000 0.000000
208 1.409030 1.773404 0.864581 105.351437 180.000000 0.000000
209 1.515253 1.616955 0.938145 97.761770 180.000000 0.000000
210 1.466598 1.590491 0.925134 99.718983 180.000000 0.000000
211 1.439780 1.543276 0.986462 115.866057 180.000000 0.000000
212 1.434911 1.536958 1.052434 108.379767 180.000000 0.000000
213 1.557924 1.479267 0.994818 114.866981 180.000000 0.000000
214 1.433032 1.598902 1.020990 91.585131 180.000000 0.000000
215 1.504575 1.600898 0.953605 101.315921 180.000000 0.000000
216 1.462970 1.671628 1.008473 117.703961 180.000000 0.000000
217 1.441301 1.625076 0.923116 109.051412 180.000000 0.000000
218 1.540848 1.660766 0.952555 109.842746 180.000000 0.000000
219 1.505533 1.615063 0.995671 114.237725 180.000000 0.000000
220 1.571697 1.619953 0.882229 113.515466 180.000000 0.000000
221 1.496532 1.550129 0.954726 113.567535 180.000000 0.000000
222 1.455316 1.592207 0.934031 111.891839 180.000000 0.000000
223 1.452017 1.657318 0.938066 110.881760 180.000000 0.000000
224 1.444773 1.560472 1.029039 108.706062 180.000000 0.000000
225 1.474693 1.575462 1.048928 112.722716 180.000000 0.000000
226 1.488003 1.683348 1.065466 100.407504 180.000000 0.000000
227 1.450109 1.559656 0.922503 106.345019 180.000000 0.000000
228 1.399377 1.800489 0.913705 106.936817 180.000000 0.000000
229 1.440354 1.622984 1.002993 116.239058 180.000000 0.000000
230 1.504047 1.569834 1.027668 111.538684 180.000000 0.000000
231 1.483418 1.558673 0.988634 118.534524 180.000000 0.000000
232 1.491567 1.759159 0.948297 113.440850 180.000000 0.000000
233 1.504537 1.774522 0.935054 106.948643 180.000000 0.000000
234 1.499571 1.669029 0.891537 104.386548 180.000000 0.000000
235 1.469006 1.569809 1.019478 108.719375 180.000000 0.000000
236 1.447370 1.582152 0.924578 101.149647 180.000000 0.000000
237 1.466053 1.625060 1.026723 103.054478 180.000000 0.000000
238 1.432916 1.642274 0.913982 105.659701 180.000000 0.000000
239 1.424858 1.714629 1.003155 105.608055 180.000000 0.000000
240 1.472130 1.549596 1.005127 119.674623 180.000000 0.000000
241 1.465799 1.586539 0.954835 108.500604 180.000000 0.000000
242 1.384713 1.634261 0.973153 107.787066 180.000000 0.000000
243 1.505574 1.500713 0.928841 106.613098 180.000000 0.000000
244 1.517815 1.578398 0.961866 99.809367 180.000000 0.000000
245 1.447010 1.548482 0.899824 108.955804 180.000000 0.000000
246 1.527199 1.692796 0.932729 104.480541 180.000000 0.000000
247 1.389259 1.572079 1.084983 103.727671 180.000000 0.000000
248 1.477287 1.576376 0.975168 103.628316 180.000000 0.000000
249 1.456054 1.594195 1.027132 113.148411 180.000000 0.000000
250 1.429540 1.564702 1.047135 104.164376 180.000000 0.000000
251 1.498882 1.516315 0.891624 102.531850 180.000000 0.000000
252 1.539138 1.500725 0.993173 110.361463 180.000000 0.000000
253 1.481928 1.560703 0.887149 113.994516 180.000000 0.000000
254 1.415616 1.578297 0.894078 119.246833 180.000000 0.000000
255 1.503822 1.663874 0.902562 112.663478 180.000000 0.000000
256 1.425939 1.589938 1.072757 100.045601 180.000000 0.000000
257 1.545367 1.597914 1.032779 104.671692 180.000000 0.000000
258 1.429078 1.579721 1.012813 124.253631 180.000000 0.000000
259 1.465850 1.690840 0.915125 111.746377 180.000000 0.000000
260 1.586870 1.535830 0.920501 105.504777 180.000000 0.000000
261 1.451955 1.683109 0.951178 102.703037 180.000000 0.000000
262 1.440831 1.621836 0.958130 104.332234 180.000000 0.000000
263 1.425178 1.548305 0.965409 103.245996 180.000000 0.000000
264 1.408281 1.524421 0.942006 123.650242 180.000000 0.000000
265 1.504685 1.576865 0.976454 107.752822 180.000000 0.000000
266 1.478787 1.561967 0.994941 105.119026 180.000000 0.000000
267 1.496014 1.623396 0.926842 102.316776 180.000000 0.000000
268 1.447463 1.572313 0.985157 110.415542 180.000000 0.000000
269 1.474428 1.542476 1.024603 113.688732 180.000000 0.000000
270 1.478016 1.595033 0.994709 123.075417 180.000000 0.000000
271 1.470825 1.830886 1.035991 98.675010 180.000000 0.000000
272 1.447537 1.709591 0.896521 108.989028 180.000000 0.000000
273 1.442550 1.562714 1.007458 107.306241 180.000000 0.000000
274 1.450640 1.838690 0.960640 106.815417 180.000000 0.000000
275 1.492600 1.645232 0.987169 102.992610 180.000000 0.000000
276 1.418430 1.628596 0.914421 106.094579 180.000000 0.000000
277 1.523436 1.710065 0.935141 123.367809 180.000000 0.000000
278 1.475401 1.757117 0.907903 97.478963 180.000000 0.000000
279 1.416543 1.621159 1.012257 112.215971 180.000000 0.000000
280 1.457841 1.553035 1.027302 113.850134 180.000000 0.000000
281 1.507698 1.611626 0.958335 97.823857 180.000000 0.000000
282 1.469970 1.620953 0.918956 116.597356 180.000000 0.000000
283 1.420574 1.694273 0.968540 119.011829 180.000000 0.000000
284 1.394256 1.590783 0.958918 114.775198 180.000000 0.000000
285 1.442968 1.631171 0.974598 113.956990 180.000000 0.000000
286 1.411675 1.571224 0.949683 102.351999 180.000000 0.000000
287 1.477708 1.520675 0.940032 122.985798 180.000000 0.000000
288 1.511459 1.626030 1.021632 100.285066 180.000000 0.000000
289 1.509165 1.636322 0.939880 107.066488 180.000000 0.000000
290 1.483496 1.572084 0.938492 111.233670 180.000000 0.000000
291 1.515542 1.585337 0.977201 101.115404 180.000000 0.000000
292 1.499617 1.539174 0.993456 119.106849 180.000000 0.000000
293 1.538742 1.650609 1.035873 109.012802 180.000000 0.000000
294 1.535710 1.510686 0.934363 118.565244 180.000000 0.000000
295 1.490081 1.527529 1.022750 101.101600 180.000000 0.000000
296 1.567965 1.719128 0.978500 113.455249 180.000000 0.000000
297 1.464346 1.676169 1.038387 105.175835 180.000000 0.000000
298 1.447696 1.529965 0.956621 112.345557 180.000000 0.000000
299 1.369330 1.588405 0.995506 112.503433 180.000000 0.000000
300 1.568791 1.533674 0.944947 104.178079 180.000000 0.000000
301 1.390396 1.561703 1.006047 108.489453 180.000000 0.000000
302 1.526925 1.611403 0.927328 111.002489 180.000000 0.000000
303 1.493374 1.566182 0.952359 107.435644 180.000000 0.000000
304 1.470475 1.614847 0.966344 117.229304 180.000000 0.000000
305 1.394515 1.767917 1.056482 111.969502 180.000000 0.000000
306 1.471103 1.619403 1.000600 111.577567 180.000000 0.000000
307 1.445904 1.746493 1.019328 107.880839 180.000000 0.000000
308 1.467065 1.687659 1.013623 107.700542 180.000000 0.000000
309 1.460863 1.554164 1.025572 119.937105 180.000000 0.000000
310 1.462704 1.615632 0.887325 97.034139 180.000000 0.000000
311 1.468550 1.675791 1.002392 110.208769 180.000000 0.000000
312 1.453565 1.628881 1.036327 107.084696 180.000000 0.000000
313 1.405802 1.584440 1.008841 112.610542 180.000000 0.000000
314 1.463364 1.613720 0.952209 118.646106 180.000000 0.000000
315 1.465393 1.634174 0.985097 106.779222 180.000000 0.000000
316 1.503174 1.727920 0.942965 105.331195 180.000000 0.000000
317 1.427365 1.550425 0.980625 126.188417 180.000000 0.000000
318 1.427831 1.572265 1.004984 108.457790 180.000000 0.000000
319 1.505570 1.537285 0.902179 109.317664 180.000000 0.000000
320 1.441110 1.543168 0.961811 114.156189 180.000000 0.000000
321 1.435286 1.657395 1.047996 110.078559 180.000000 0.000000
322 1.539958 1.755991 0.944856 110.883185 180.000000 0.000000
323 1.467270 1.658160 1.011271 119.816443 180.000000 0.000000
324 1.445812 1.599397 0.948059 129.831382 180.000000 0.000000
325 1.454691 1.676442 0.922862 103.264251 180.000000 0.000000
326 1.490032 1.614173 0.927648 103.574859 180.000000 0.000000
327 1.485602 1.649247 0.954647 113.008203 180.000000 0.000000
328 1.466950 1.615482 0.983449 108.524197 180.000000 0.000000
329 1.439661 1.804173 1.136396 104.689847 180.000000 0.000000
330 1.399833 1.554753 1.028876 113.281340 180.000000 0.000000
331 1.414144 1.719339 1.012042 115.053290 180.000000 0.000000
332 1.429063 1.560965 0.993178 108.579914 180.000000 0.000000
333 1.513003 1.725782 0.943555 96.846334 180.000000 0.000000
334 1.536152 1.571271 1.005633 109.175569 180.000000 0.000000
335 1.472551 1.598770 0.975244 112.161372 180.000000 0.000000
336 1.524766 1.765855 0.939167 115.258268 180.000000 0.000000
337 1.415108 1.608339 0.987648 111.810069 180.000000 0.000000
338 1.518492 1.629826 1.056565 113.747114 180.000000 0.000000
339 1.457617 1.537631 0.947994 102.136844 180.000000 0.000000
340 1.474527 1.642979 0.939336 104.610515 180.000000 0.000000
341 1.406027 1.615902 0.954724 109.085534 180.000000 0.000000
342 1.424992 1.598780 1.001782 111.242812 180.000000 0.000000
343 1.431975 1.658737 1.116529 109.609587 180.000000 0.000000
344 1.451678 1.631894 0.976116 97.686827 180.000000 0.000000
345 1.500877 1.544727 1.053387 104.952262 180.000000 0.000000
346 1.392492 1.635081 0.892944 102.708973 180.000000 0.000000
347 1.464349 1.658021 1.036037 116.642914 180.000000 0.000000
348 1.455008 1.656538 0.998429 113.013757 180.000000 0.000000
349 1.409618 1.653507 0.980308 115.390199 180.000000 0.000000
350 1.448306 1.728368 0.931041 108.068388 180.000000 0.000000
351 1.498297 1.515454 0.963201 118.887383 180.000000 0.000000
352 1.495769 1.653014 1.032861 102.928287 180.000000 0.000000
353 1.530429 1.747966 0.997578 106.365791 180.000000 0.000000
354 1.416384 1.610906 1.004791 106.172757 180.000000 0.000000
355 1.428923 1.590983 1.024796 109.137449 180.000000 0.000000
356 1.551158 1.569050 0.953640 114.901942 180.000000 0.000000
357 1.584014 1.539662 1.089465 122.923090 180.000000 0.000000
358 1.546054 1.581377 0.906415 112.989758 180.000000 0.000000
359 1.578710 1.648637 0.890572 110.612193 180.000000 0.000000
360 1.433552 1.711116 0.935144 121.726524 180.000000 0.000000
361 1.451997 1.769940 0.942315 113.342645 180.000000 0.000000
362 1.529616 1.562265 0.984297 128.630415 180.000000 0.000000
363 1.410768 1.685250 1.019650 117.791101 180.000000 0.000000
364 1.452974 1.568753 0.915333 120.700948 180.000000 0.000000
365 1.537157 1.674153 1.096009 107.210636 180.000000 0.000000
366 1.525591 1.609760 0.950078 107.887749 180.000000 0.000000
367 1.416369 1.499997 0.974597 120.641739 180.000000 0.000000
368 1.511062 1.519225 0.927789 101.400843 180.000000 0.000000
369 1.528433 1.550266 0.901854 104.826902 180.000000 0.000000
370 1.489535 1.522412 0.945924 112.838127 180.000000 0.000000
371 1.427878 1.578674 1.023657 111.617614 180.000000 0.000000
372 1.450359 1.648917 0.966605 101.467265 180.000000 0.000000
373 1.405604 1.594615 1.064043 104.972609 180.000000 0.000000
374 1.416861 1.744185 0.952359 114.883041 180.000000 0.000000
375 1.508401 1.612445 0.875908 119.334786 180.000000 0.000000
376 1.465795 1.569137 1.010844 113.541870 180.000000 0.000000
377 1.456311 1.762534 0.957972 108.326683 180.000000 0.000000
378 1.549973 1.600120 0.925719 99.501741 180.000000 0.000000
379 1.457770 1.641028 1.154887 109.839825 180.000000 0.000000
380 1.512343 1.649463 0.863859 104.416933 180.000000 0.000000
381 1.517775 1.564392 0.875478 96.424696 180.000000 0.000000
382 1.541669 1.488161 0.923532 111.933873 180.000000 0.000000
383 1.486154 1.635408 1.084761 111.094154 180.000000 0.000000
384 1.500020 1.525254 1.098045 106.014740 180.000000 0.000000
385 1.470905 1.599742 0.978853 103.651357 180.000000 0.000000
386 1.540682 1.680644 0.963669 105.958499 180.000000 0.000000
387 1.475690 1.635549 0.953097 113.512746 180.000000 0.000000
388 1.479029 1.748316 0.991847 108.001162 180.000000 0.000000
389 1.441472 1.500045 0.990492 106.050389 180.000000 0.000000
390 1.474492 1.595210 0.971134 113.727834 180.000000 0.000000
391 1.428098 1.667699 0.885755 98.124229 180.000000 0.000000
392 1.418275 1.556900 0.942915 115.844530 180.000000 0.000000
393 1.552688 1.686850 0.983398 125.840530 180.000000 0.000000
394 1.495388 1.534768 0.875386 105.128967 180.000000 0.000000
395 1.447238 1.662149 0.967890 114.719934 180.000000 0.000000
396 1.516866 1.719520 0.976339 107.150733 180.000000 0.000000
397 1.535488 1.544922 0.955182 108.768058 180.000000 0.000000
398 1.498728 1.541714 0.960844 97.153468 180.000000 0.000000
399 1.487200 1.555057 0.945517 106.497024 180.000000 0.000000
400 1.450868 1.654357 0.921319 112.327738 180.000000 0.000000
401 1.483300 1.634189 1.012930 120.634837 180.000000 0.000000
402 1.445899 1.619160 1.012649 111.274799 180.000000 0.000000
403 1.545467 1.611666 0.980602 100.253138 180.000000 0.000000
404 1.523010 1.600132 1.054645 103.998889 180.000000 0.000000
405 1.424439 1.683835 0.953958 107.449259 180.000000 0.000000
406 1.426254 1.696003 0.958933 104.935884 180.000000 0.000000
407 1.571700 1.474430 0.970574 116.126803 180.000000 0.000000
408 1.488088 1.623288 0.929745 103.451950 180.000000 0.000000
409 1.563661 1.726360 0.956103 109.306563 180.000000 0.000000
410 1.451403 1.612703 0.878972 102.072524 180.000000 0.000000
411 1.581076 1.487754 0.998708 123.361115 180.000000 0.000000
412 1.450486 1.600692 0.905628 123.151517 180.000000 0.000000
413 1.454283 1.607744 0.905910 111.530766 180.000000 0.000000
414 1.483150 1.619126 0.996206 118.505742 180.000000 0.000000
415 1.483117 1.564748 1.030747 116.655859 180.000000 0.000000
416 1.418237 1.529579 0.940834 116.137963 180.000000 0.000000
417 1.469756 1.690309 0.913494 105.956509 180.000000 0.000000
418 1.455093 1.659144 1.095458 108.272483 180.000000 0.000000
419 1.442499 1.736296 0.873942 116.064665 180.000000 0.000000
420 1.492037 1.627600 0.984917 113.581215 180.000000 0.000000
421 1.502783 1.637631 0.917262 104.804789 180.000000 0.000000
422 1.471513 1.690325 1.030896 104.639205 180.000000 0.000000
423 1.580064 1.615090 1.056584 113.245741 180.000000 0.000000
424 1.491815 1.523451 1.001981 108.313813 180.000000 0.000000
425 1.427764 1.603948 0.984077 102.054170 180.000000 0.000000
426 1.442468 1.528200 1.029020 105.089519 180.000000 0.000000
427 1.528223 1.743986 0.928449 112.441155 180.000000 0.000000
428 1.453451 1.683668 0.949192 112.566407 180.000000 0.000000
429 1.445993 1.587623 1.059460 107.999113 180.000000 0.000000
430 1.431313 1.728076 0.974519 107.923695 180.000000 0.000000
431 1.500890 1.574544 0.874077 112.859735 180.000000 0.000000
432 1.434072 1.748694 0.891470 118.089970 180.000000 0.000000
433 1.427511 1.529143 0.940140 106.673920 180.000000 0.000000
434 1.484530 1.591992 0.935516 117.520876 180.000000 0.000000
435 1.391570 1.602785 0.967306 121.155518 180.000000 0.000000
436 1.450239 1.597037 0.975883 108.329514 180.000000 0.000000
437 1.506969 1.535881 0.978724 108.982067 180.000000 0.000000
438 1.527687 1.525336 0.917141 111.353070 180.000000 0.000000
439 1.385228 1.761692 0.986029 107.303888 180.000000 0.000000
440 1.457656 1.565344 1.011983 120.119748 180.000000 0.000000
441 1.463985 1.636312 0.982572 109.395399 180.000000 0.000000
442 1.474857 1.601534 0.987102 117.692255 180.000000 0.000000
443 1.470900 1.683136 0.957834 114.712583 180.000000 0.000000
444 1.439884 1.629628 1.002960 110.130281 180.000000 0.000000
445 1.526087 1.644101 0.906626 103.748777 180.000000 0.000000
446 1.475788 1.685668 0.991727 114.185354 180.000000 0.000000
447 1.438048 1.708130 0.937417 101.170925 180.000000 0.000000
448 1.411560 1.676390 0.842713 96.829666 180.000000 0.000000
449 1.514827 1.524172 1.065356 106.753257 180.000000 0.000000
450 1.479491 1.500436 1.034043 97.841949 180.000000 0.000000
451 1.537746 1.679033 0.999042 122.913313 180.000000 0.000000
452 1.520077 1.443699 0.919842 111.507831 180.000000 0.000000
453 1.487657 1.730651 0.971380 127.019465 180.000000 0.000000
454 1.486149 1.586405 0.925009 116.625120 180.000000 0.000000
455 1.486160 1.536854 0.949662 118.681918 180.000000 0.000000
456 1.511330 1.604345 0.926480 99.262976 180.000000 0.000000
457 1.453804 1.753701 0.928409 113.600802 180.000000 0.000000
458 1.425710 1.608854 0.954960 108.836935 180.000000 0.000000
459 1.420525 1.599335 1.033559 101.523804 180.000000 0.000000
460 1.519157 1.615895 0.998348 105.077692 180.000000 0.000000
461 1.488468 1.656413 0.907295 105.845845 180.000000 0.000000
462 1.444171 1.559374 0.944190 110.418501 180.000000 0.000000
463 1.558945 1.878563 0.951506 104.627347 180.000000 0.000000
464 1.478624 1.624049 0.911772 110.428488 180.000000 0.000000
465 1.409834 1.606453 0.996603 103.175801 180.000000 0.000000
466 1.473143 1.489421 0.956179 111.307055 180.000000 0.000000
467 1.446312 1.523773 0.970931 113.072657 180.000000 0.000000
468 1.490657 1.502696 0.926470 109.836079 180.000000 0.000000
469 1.402240 1.790905 1.040559 122.064216 180.000000 0.000000
470 1.477739 1.694309 1.028915 112.318445 180.000000 0.000000
471 1.546715 1.590676 0.966775 117.300551 180.000000 0.000000
472 1.467690 1.533508 1.004761 118.963776 180.000000 0.000000
473 1.426303 1.624257 0.926836 113.012010 180.000000 0.000000
474 1.424885 1.583035 0.977899 111.424908 180.000000 0.000000
475 1.453984 1.556820 0.959044 120.761120 180.000000 0.000000
476 1.453773 1.633344 1.017330 106.640930 180.000000 0.000000
477 1.511795 1.661711 0.915641 120.180756 180.000000 0.000000
478 1.528992 1.537337 0.938384 115.331231 180.000000 0.000000
479 1.526942 1.864945 0.916295 100.091100 180.000000 0.000000
480 1.501016 1.714691 1.037052 107.410995 180.000000 0.000000
481 1.454876 1.569773 0.950085 108.329497 180.000000 0.000000
482 1.455409 1.650040 0.918902 108.341922 180.000000 0.000000
483 1.530272 1.505219 0.942488 115.482412 180.000000 0.000000
484 1.478435 1.553921 1.121318 119.439142 180.000000 0.000000
485 1.538280 1.482444 0.902391 114.144934 180.000000 0.000000
486 1.462647 1.662373 0.928540 113.094040 180.000000 0.000000
487 1.457035 1.587128 0.916810 105.527316 180.000000 0.000000
488 1.449267 1.567403 0.894655 121.253288 180.000000 0.000000
489 1.478285 1.639834 1.001469 114.128072 180.000000 0.000000
490 1.447440 1.507129 0.940932 127.898973 180.000000 0.000000
491 1.453856 1.805743 0.924120 111.321910 180.000000 0.000000
492 1.437474 1.549267 0.928452 110.308854 180.000000 0.000000
493 1.449611 1.507442 1.041517 109.261744 180.000000 0.000000
494 1.490674 1.720865 0.924680 112.062062 180.000000 0.000000
495 1.405802 1.488369 0.908956 103.485663 180.000000 0.000000
496 1.466145 1.558805 1.052995 107.030915 180.000000 0.000000
497 1.529982 1.576530 1.039531 111.570156 180.000000 0.000000
498 1.396463 1.536680 0.929719 115.111165 180.000000 0.000000
499 1.539496 1.639011 1.031241 117.006086 180.000000 0.000000
500 1.418683 1.800919 1.033511 103.315993 180.000000 0.000000
