   1.46833100   1.50000000   0.96798200   110.72852700   113.05478700   0.00000000   -491.8791976674   100.0000
   1.46833100   1.51000000   0.96798200   110.72852700   113.05478700   0.00000000   -491.8808806826   101.0000
   1.46833100   1.52000000   0.96798200   110.72852700   113.05478700   0.00000000   -491.8823589202   102.0000
   1.46833100   1.53000000   0.96798200   110.72852700   113.05478700   0.00000000   -491.8836437012   103.0000
   1.46833100   1.54000000   0.96798200   110.72852700   113.05478700   0.00000000   -491.8847457701   104.0000
   1.46833100   1.55000000   0.96798200   110.72852700   113.05478700   0.00000000   -491.8856753235   105.0000
   1.46833100   1.56000000   0.96798200   110.72852700   113.05478700   0.00000000   -491.8864420372   106.0000
   1.46833100   1.57000000   0.96798200   110.72852700   113.05478700   0.00000000   -491.8870550922   107.0000
   1.46833100   1.58000000   0.96798200   110.72852700   113.05478700   0.00000000   -491.8875231988   108.0000
   1.46833100   1.59000000   0.96798200   110.72852700   113.05478700   0.00000000   -491.8878546203   109.0000
   1.31000000   1.60429200   0.96798200   110.72852700   113.05478700   0.00000000   -491.8437109221   10.0000
   1.46833100   1.60000000   0.96798200   110.72852700   113.05478700   0.00000000   -491.8880571951   110.0000
   1.46833100   1.61000000   0.96798200   110.72852700   113.05478700   0.00000000   -491.8881383576   111.0000
   1.46833100   1.62000000   0.96798200   110.72852700   113.05478700   0.00000000   -491.8881051582   112.0000
   1.46833100   1.63000000   0.96798200   110.72852700   113.05478700   0.00000000   -491.8879642829   113.0000
   1.46833100   1.64000000   0.96798200   110.72852700   113.05478700   0.00000000   -491.8877220705   114.0000
   1.46833100   1.65000000   0.96798200   110.72852700   113.05478700   0.00000000   -491.8873845308   115.0000
   1.46833100   1.66000000   0.96798200   110.72852700   113.05478700   0.00000000   -491.8869573605   116.0000
   1.46833100   1.67000000   0.96798200   110.72852700   113.05478700   0.00000000   -491.8864459588   117.0000
   1.46833100   1.68000000   0.96798200   110.72852700   113.05478700   0.00000000   -491.8858554428   118.0000
   1.46833100   1.69000000   0.96798200   110.72852700   113.05478700   0.00000000   -491.8851906611   119.0000
   1.32000000   1.60429200   0.96798200   110.72852700   113.05478700   0.00000000   -491.8498062588   11.0000
   1.46833100   1.70000000   0.96798200   110.72852700   113.05478700   0.00000000   -491.8844562076   120.0000
   1.46833100   1.71000000   0.96798200   110.72852700   113.05478700   0.00000000   -491.8836564343   121.0000
   1.46833100   1.72000000   0.96798200   110.72852700   113.05478700   0.00000000   -491.8827954637   122.0000
   1.46833100   1.73000000   0.96798200   110.72852700   113.05478700   0.00000000   -491.8818772003   123.0000
   1.46833100   1.74000000   0.96798200   110.72852700   113.05478700   0.00000000   -491.8809053416   124.0000
   1.46833100   1.75000000   0.96798200   110.72852700   113.05478700   0.00000000   -491.8798833891   125.0000
   1.46833100   1.76000000   0.96798200   110.72852700   113.05478700   0.00000000   -491.8788146578   126.0000
   1.46833100   1.77000000   0.96798200   110.72852700   113.05478700   0.00000000   -491.8777022863   127.0000
   1.46833100   1.78000000   0.96798200   110.72852700   113.05478700   0.00000000   -491.8765492459   128.0000
   1.46833100   1.79000000   0.96798200   110.72852700   113.05478700   0.00000000   -491.8753583486   129.0000
   1.33000000   1.60429200   0.96798200   110.72852700   113.05478700   0.00000000   -491.8553361015   12.0000
   1.46833100   1.80000000   0.96798200   110.72852700   113.05478700   0.00000000   -491.8741322565   130.0000
   1.46833100   1.81000000   0.96798200   110.72852700   113.05478700   0.00000000   -491.8728734887   131.0000
   1.46833100   1.82000000   0.96798200   110.72852700   113.05478700   0.00000000   -491.8715844292   132.0000
   1.46833100   1.83000000   0.96798200   110.72852700   113.05478700   0.00000000   -491.8702673340   133.0000
   1.46833100   1.84000000   0.96798200   110.72852700   113.05478700   0.00000000   -491.8689243378   134.0000
   1.46833100   1.85000000   0.96798200   110.72852700   113.05478700   0.00000000   -491.8675574605   135.0000
   1.46833100   1.86000000   0.96798200   110.72852700   113.05478700   0.00000000   -491.8661686132   136.0000
   1.46833100   1.87000000   0.96798200   110.72852700   113.05478700   0.00000000   -491.8647596040   137.0000
   1.46833100   1.88000000   0.96798200   110.72852700   113.05478700   0.00000000   -491.8633321437   138.0000
   1.46833100   1.89000000   0.96798200   110.72852700   113.05478700   0.00000000   -491.8618878509   139.0000
   1.34000000   1.60429200   0.96798200   110.72852700   113.05478700   0.00000000   -491.8603312912   13.0000
   1.46833100   1.90000000   0.96798200   110.72852700   113.05478700   0.00000000   -491.8604282566   140.0000
   1.46833100   1.91000000   0.96798200   110.72852700   113.05478700   0.00000000   -491.8589548098   141.0000
   1.46833100   1.92000000   0.96798200   110.72852700   113.05478700   0.00000000   -491.8574688809   142.0000
   1.46833100   1.93000000   0.96798200   110.72852700   113.05478700   0.00000000   -491.8559717668   143.0000
   1.46833100   1.94000000   0.96798200   110.72852700   113.05478700   0.00000000   -491.8544646944   144.0000
   1.46833100   1.95000000   0.96798200   110.72852700   113.05478700   0.00000000   -491.8529488247   145.0000
   1.46833100   1.96000000   0.96798200   110.72852700   113.05478700   0.00000000   -491.8514252560   146.0000
   1.46833100   1.97000000   0.96798200   110.72852700   113.05478700   0.00000000   -491.8498950278   147.0000
   1.46833100   1.98000000   0.96798200   110.72852700   113.05478700   0.00000000   -491.8483591237   148.0000
   1.46833100   1.99000000   0.96798200   110.72852700   113.05478700   0.00000000   -491.8468184747   149.0000
   1.35000000   1.60429200   0.96798200   110.72852700   113.05478700   0.00000000   -491.8648211122   14.0000
   1.46833100   2.00000000   0.96798200   110.72852700   113.05478700   0.00000000   -491.8452739617   150.0000
   1.46833100   2.01000000   0.96798200   110.72852700   113.05478700   0.00000000   -491.8437264187   151.0000
   1.46833100   2.02000000   0.96798200   110.72852700   113.05478700   0.00000000   -491.8421766352   152.0000
   1.46833100   2.03000000   0.96798200   110.72852700   113.05478700   0.00000000   -491.8406253585   153.0000
   1.46833100   2.04000000   0.96798200   110.72852700   113.05478700   0.00000000   -491.8390732962   154.0000
   1.46833100   2.05000000   0.96798200   110.72852700   113.05478700   0.00000000   -491.8375211185   155.0000
   1.46833100   2.06000000   0.96798200   110.72852700   113.05478700   0.00000000   -491.8359694599   156.0000
   1.46833100   2.07000000   0.96798200   110.72852700   113.05478700   0.00000000   -491.8344189215   157.0000
   1.46833100   2.08000000   0.96798200   110.72852700   113.05478700   0.00000000   -491.8328700727   158.0000
   1.46833100   2.09000000   0.96798200   110.72852700   113.05478700   0.00000000   -491.8313234528   159.0000
   1.36000000   1.60429200   0.96798200   110.72852700   113.05478700   0.00000000   -491.8688333715   15.0000
   1.46833100   2.10000000   0.96798200   110.72852700   113.05478700   0.00000000   -491.8297795662   160.0000
   1.46833100   2.11000000   0.96798200   110.72852700   113.05478700   0.00000000   -491.8282389185   161.0000
   1.46833100   2.12000000   0.96798200   110.72852700   113.05478700   0.00000000   -491.8267019480   162.0000
   1.46833100   2.13000000   0.96798200   110.72852700   113.05478700   0.00000000   -491.8251690893   163.0000
   1.46833100   2.14000000   0.96798200   110.72852700   113.05478700   0.00000000   -491.8236407711   164.0000
   1.46833100   2.15000000   0.96798200   110.72852700   113.05478700   0.00000000   -491.8221173773   165.0000
   1.46833100   2.16000000   0.96798200   110.72852700   113.05478700   0.00000000   -491.8205992798   166.0000
   1.46833100   2.17000000   0.96798200   110.72852700   113.05478700   0.00000000   -491.8190868314   167.0000
   1.46833100   2.18000000   0.96798200   110.72852700   113.05478700   0.00000000   -491.8175803668   168.0000
   1.46833100   2.19000000   0.96798200   110.72852700   113.05478700   0.00000000   -491.8160802041   169.0000
   1.37000000   1.60429200   0.96798200   110.72852700   113.05478700   0.00000000   -491.8723944734   16.0000
   1.46833100   2.20000000   0.96798200   110.72852700   113.05478700   0.00000000   -491.8145866452   170.0000
   1.46833100   2.21000000   0.96798200   110.72852700   113.05478700   0.00000000   -491.8130999772   171.0000
   1.46833100   2.22000000   0.96798200   110.72852700   113.05478700   0.00000000   -491.8116204728   172.0000
   1.46833100   2.23000000   0.96798200   110.72852700   113.05478700   0.00000000   -491.8101483913   173.0000
   1.46833100   2.24000000   0.96798200   110.72852700   113.05478700   0.00000000   -491.8086839791   174.0000
   1.46833100   2.25000000   0.96798200   110.72852700   113.05478700   0.00000000   -491.8072274715   175.0000
   1.46833100   2.26000000   0.96798200   110.72852700   113.05478700   0.00000000   -491.8057790916   176.0000
   1.46833100   2.27000000   0.96798200   110.72852700   113.05478700   0.00000000   -491.8043390524   177.0000
   1.46833100   2.28000000   0.96798200   110.72852700   113.05478700   0.00000000   -491.8029075567   178.0000
   1.46833100   2.29000000   0.96798200   110.72852700   113.05478700   0.00000000   -491.8014847979   179.0000
   1.38000000   1.60429200   0.96798200   110.72852700   113.05478700   0.00000000   -491.8755294909   17.0000
   1.46833100   2.30000000   0.96798200   110.72852700   113.05478700   0.00000000   -491.8000709605   180.0000
   1.46833100   2.31000000   0.96798200   110.72852700   113.05478700   0.00000000   -491.7986662232   181.0000
   1.46833100   2.32000000   0.96798200   110.72852700   113.05478700   0.00000000   -491.7972707474   182.0000
   1.46833100   2.33000000   0.96798200   110.72852700   113.05478700   0.00000000   -491.7958847010   183.0000
   1.46833100   2.34000000   0.96798200   110.72852700   113.05478700   0.00000000   -491.7945082389   184.0000
   1.46833100   2.35000000   0.96798200   110.72852700   113.05478700   0.00000000   -491.7931415028   185.0000
   1.46833100   2.36000000   0.96798200   110.72852700   113.05478700   0.00000000   -491.7917846332   186.0000
   1.46833100   2.37000000   0.96798200   110.72852700   113.05478700   0.00000000   -491.7904377776   187.0000
   1.46833100   2.38000000   0.96798200   110.72852700   113.05478700   0.00000000   -491.7891010548   188.0000
   1.46833100   2.39000000   0.96798200   110.72852700   113.05478700   0.00000000   -491.7877745943   189.0000
   1.39000000   1.60429200   0.96798200   110.72852700   113.05478700   0.00000000   -491.8782622326   18.0000
   1.46833100   2.40000000   0.96798200   110.72852700   113.05478700   0.00000000   -491.7864585171   190.0000
   1.46833100   1.60429200   0.70000000   110.72852700   113.05478700   0.00000000   -491.7568096325   191.0000
   1.46833100   1.60429200   0.71000000   110.72852700   113.05478700   0.00000000   -491.7699431000   192.0000
   1.46833100   1.60429200   0.72000000   110.72852700   113.05478700   0.00000000   -491.7820513772   193.0000
   1.46833100   1.60429200   0.73000000   110.72852700   113.05478700   0.00000000   -491.7932011597   194.0000
   1.46833100   1.60429200   0.74000000   110.72852700   113.05478700   0.00000000   -491.8034546413   195.0000
   1.46833100   1.60429200   0.75000000   110.72852700   113.05478700   0.00000000   -491.8128698419   196.0000
   1.46833100   1.60429200   0.76000000   110.72852700   113.05478700   0.00000000   -491.8215009130   197.0000
   1.46833100   1.60429200   0.77000000   110.72852700   113.05478700   0.00000000   -491.8293984178   198.0000
   1.46833100   1.60429200   0.78000000   110.72852700   113.05478700   0.00000000   -491.8366095876   199.0000
   1.40000000   1.60429200   0.96798200   110.72852700   113.05478700   0.00000000   -491.8806153066   19.0000
   1.22000000   1.60429200   0.96798200   110.72852700   113.05478700   0.00000000   -491.7574312765   1.0000
   1.46833100   1.60429200   0.79000000   110.72852700   113.05478700   0.00000000   -491.8431785615   200.0000
   1.46833100   1.60429200   0.80000000   110.72852700   113.05478700   0.00000000   -491.8491466004   201.0000
   1.46833100   1.60429200   0.81000000   110.72852700   113.05478700   0.00000000   -491.8545522927   202.0000
   1.46833100   1.60429200   0.82000000   110.72852700   113.05478700   0.00000000   -491.8594317389   203.0000
   1.46833100   1.60429200   0.83000000   110.72852700   113.05478700   0.00000000   -491.8638187233   204.0000
   1.46833100   1.60429200   0.84000000   110.72852700   113.05478700   0.00000000   -491.8677448731   205.0000
   1.46833100   1.60429200   0.85000000   110.72852700   113.05478700   0.00000000   -491.8712398055   206.0000
   1.46833100   1.60429200   0.86000000   110.72852700   113.05478700   0.00000000   -491.8743312636   207.0000
   1.46833100   1.60429200   0.87000000   110.72852700   113.05478700   0.00000000   -491.8770452427   208.0000
   1.46833100   1.60429200   0.88000000   110.72852700   113.05478700   0.00000000   -491.8794061066   209.0000
   1.41000000   1.60429200   0.96798200   110.72852700   113.05478700   0.00000000   -491.8826101814   20.0000
   1.46833100   1.60429200   0.89000000   110.72852700   113.05478700   0.00000000   -491.8814366963   210.0000
   1.46833100   1.60429200   0.90000000   110.72852700   113.05478700   0.00000000   -491.8831584307   211.0000
   1.46833100   1.60429200   0.91000000   110.72852700   113.05478700   0.00000000   -491.8845913995   212.0000
   1.46833100   1.60429200   0.92000000   110.72852700   113.05478700   0.00000000   -491.8857544505   213.0000
   1.46833100   1.60429200   0.93000000   110.72852700   113.05478700   0.00000000   -491.8866652704   214.0000
   1.46833100   1.60429200   0.94000000   110.72852700   113.05478700   0.00000000   -491.8873404596   215.0000
   1.46833100   1.60429200   0.95000000   110.72852700   113.05478700   0.00000000   -491.8877956029   216.0000
   1.46833100   1.60429200   0.96000000   110.72852700   113.05478700   0.00000000   -491.8880453342   217.0000
   1.46833100   1.60429200   0.97000000   110.72852700   113.05478700   0.00000000   -491.8881033978   218.0000
   1.46833100   1.60429200   0.98000000   110.72852700   113.05478700   0.00000000   -491.8879827051   219.0000
   1.42000000   1.60429200   0.96798200   110.72852700   113.05478700   0.00000000   -491.8842672427   21.0000
   1.46833100   1.60429200   0.99000000   110.72852700   113.05478700   0.00000000   -491.8876953874   220.0000
   1.46833100   1.60429200   1.00000000   110.72852700   113.05478700   0.00000000   -491.8872528455   221.0000
   1.46833100   1.60429200   1.01000000   110.72852700   113.05478700   0.00000000   -491.8866657955   222.0000
   1.46833100   1.60429200   1.02000000   110.72852700   113.05478700   0.00000000   -491.8859443125   223.0000
   1.46833100   1.60429200   1.03000000   110.72852700   113.05478700   0.00000000   -491.8850978701   224.0000
   1.46833100   1.60429200   1.04000000   110.72852700   113.05478700   0.00000000   -491.8841353781   225.0000
   1.46833100   1.60429200   1.05000000   110.72852700   113.05478700   0.00000000   -491.8830652176   226.0000
   1.46833100   1.60429200   1.06000000   110.72852700   113.05478700   0.00000000   -491.8818952734   227.0000
   1.46833100   1.60429200   1.07000000   110.72852700   113.05478700   0.00000000   -491.8806329648   228.0000
   1.46833100   1.60429200   1.08000000   110.72852700   113.05478700   0.00000000   -491.8792852737   229.0000
   1.43000000   1.60429200   0.96798200   110.72852700   113.05478700   0.00000000   -491.8856058483   22.0000
   1.46833100   1.60429200   1.09000000   110.72852700   113.05478700   0.00000000   -491.8778587716   230.0000
   1.46833100   1.60429200   1.10000000   110.72852700   113.05478700   0.00000000   -491.8763596441   231.0000
   1.46833100   1.60429200   1.11000000   110.72852700   113.05478700   0.00000000   -491.8747937141   232.0000
   1.46833100   1.60429200   1.12000000   110.72852700   113.05478700   0.00000000   -491.8731664637   233.0000
   1.46833100   1.60429200   1.13000000   110.72852700   113.05478700   0.00000000   -491.8714830544   234.0000
   1.46833100   1.60429200   1.14000000   110.72852700   113.05478700   0.00000000   -491.8697483462   235.0000
   1.46833100   1.60429200   1.15000000   110.72852700   113.05478700   0.00000000   -491.8679669150   236.0000
   1.46833100   1.60429200   1.16000000   110.72852700   113.05478700   0.00000000   -491.8661430698   237.0000
   1.46833100   1.60429200   1.17000000   110.72852700   113.05478700   0.00000000   -491.8642808680   238.0000
   1.46833100   1.60429200   1.18000000   110.72852700   113.05478700   0.00000000   -491.8623841300   239.0000
   1.44000000   1.60429200   0.96798200   110.72852700   113.05478700   0.00000000   -491.8866443796   23.0000
   1.46833100   1.60429200   1.19000000   110.72852700   113.05478700   0.00000000   -491.8604564534   240.0000
   1.46833100   1.60429200   1.20000000   110.72852700   113.05478700   0.00000000   -491.8585012253   241.0000
   1.46833100   1.60429200   1.21000000   110.72852700   113.05478700   0.00000000   -491.8565216350   242.0000
   1.46833100   1.60429200   1.22000000   110.72852700   113.05478700   0.00000000   -491.8545206849   243.0000
   1.46833100   1.60429200   1.23000000   110.72852700   113.05478700   0.00000000   -491.8525012018   244.0000
   1.46833100   1.60429200   1.24000000   110.72852700   113.05478700   0.00000000   -491.8504658467   245.0000
   1.46833100   1.60429200   1.25000000   110.72852700   113.05478700   0.00000000   -491.8484171241   246.0000
   1.46833100   1.60429200   1.26000000   110.72852700   113.05478700   0.00000000   -491.8463573915   247.0000
   1.46833100   1.60429200   1.27000000   110.72852700   113.05478700   0.00000000   -491.8442888672   248.0000
   1.46833100   1.60429200   1.28000000   110.72852700   113.05478700   0.00000000   -491.8422136391   249.0000
   1.45000000   1.60429200   0.96798200   110.72852700   113.05478700   0.00000000   -491.8874002919   24.0000
   1.46833100   1.60429200   1.29000000   110.72852700   113.05478700   0.00000000   -491.8401336711   250.0000
   1.46833100   1.60429200   1.30000000   110.72852700   113.05478700   0.00000000   -491.8380508108   251.0000
   1.46833100   1.60429200   1.31000000   110.72852700   113.05478700   0.00000000   -491.8359667963   252.0000
   1.46833100   1.60429200   1.32000000   110.72852700   113.05478700   0.00000000   -491.8338832620   253.0000
   1.46833100   1.60429200   1.33000000   110.72852700   113.05478700   0.00000000   -491.8318017445   254.0000
   1.46833100   1.60429200   1.34000000   110.72852700   113.05478700   0.00000000   -491.8297236885   255.0000
   1.46833100   1.60429200   1.35000000   110.72852700   113.05478700   0.00000000   -491.8276504518   256.0000
   1.46833100   1.60429200   1.36000000   110.72852700   113.05478700   0.00000000   -491.8255833100   257.0000
   1.46833100   1.60429200   1.37000000   110.72852700   113.05478700   0.00000000   -491.8235234617   258.0000
   1.46833100   1.60429200   1.38000000   110.72852700   113.05478700   0.00000000   -491.8214720320   259.0000
   1.46000000   1.60429200   0.96798200   110.72852700   113.05478700   0.00000000   -491.8878901548   25.0000
   1.46833100   1.60429200   1.39000000   110.72852700   113.05478700   0.00000000   -491.8194300776   260.0000
   1.46833100   1.60429200   1.40000000   110.72852700   113.05478700   0.00000000   -491.8173985899   261.0000
   1.46833100   1.60429200   1.41000000   110.72852700   113.05478700   0.00000000   -491.8153784989   262.0000
   1.46833100   1.60429200   1.42000000   110.72852700   113.05478700   0.00000000   -491.8133706765   263.0000
   1.46833100   1.60429200   1.43000000   110.72852700   113.05478700   0.00000000   -491.8113759402   264.0000
   1.46833100   1.60429200   1.44000000   110.72852700   113.05478700   0.00000000   -491.8093950554   265.0000
   1.46833100   1.60429200   1.45000000   110.72852700   113.05478700   0.00000000   -491.8074287389   266.0000
   1.46833100   1.60429200   1.46000000   110.72852700   113.05478700   0.00000000   -491.8054776610   267.0000
   1.46833100   1.60429200   1.47000000   110.72852700   113.05478700   0.00000000   -491.8035424487   268.0000
   1.46833100   1.60429200   1.48000000   110.72852700   113.05478700   0.00000000   -491.8016236876   269.0000
   1.47000000   1.60429200   0.96798200   110.72852700   113.05478700   0.00000000   -491.8881297052   26.0000
   1.46833100   1.60429200   1.49000000   110.72852700   113.05478700   0.00000000   -491.7997219242   270.0000
   1.46833100   1.60429200   1.50000000   110.72852700   113.05478700   0.00000000   -491.7978376682   271.0000
   1.46833100   1.60429200   0.96798200   75.00000000   113.05478700   0.00000000   -491.7704491604   272.0000
   1.46833100   1.60429200   0.96798200   76.00000000   113.05478700   0.00000000   -491.7797857471   273.0000
   1.46833100   1.60429200   0.96798200   77.00000000   113.05478700   0.00000000   -491.7884832905   274.0000
   1.46833100   1.60429200   0.96798200   78.00000000   113.05478700   0.00000000   -491.7965855481   275.0000
   1.46833100   1.60429200   0.96798200   79.00000000   113.05478700   0.00000000   -491.8041331903   276.0000
   1.46833100   1.60429200   0.96798200   80.00000000   113.05478700   0.00000000   -491.8111639203   277.0000
   1.46833100   1.60429200   0.96798200   81.00000000   113.05478700   0.00000000   -491.8177126228   278.0000
   1.46833100   1.60429200   0.96798200   82.00000000   113.05478700   0.00000000   -491.8238115268   279.0000
   1.48000000   1.60429200   0.96798200   110.72852700   113.05478700   0.00000000   -491.8881338834   27.0000
   1.46833100   1.60429200   0.96798200   83.00000000   113.05478700   0.00000000   -491.8294903743   280.0000
   1.46833100   1.60429200   0.96798200   84.00000000   113.05478700   0.00000000   -491.8347765886   281.0000
   1.46833100   1.60429200   0.96798200   85.00000000   113.05478700   0.00000000   -491.8396954386   282.0000
   1.46833100   1.60429200   0.96798200   86.00000000   113.05478700   0.00000000   -491.8442701968   283.0000
   1.46833100   1.60429200   0.96798200   87.00000000   113.05478700   0.00000000   -491.8485222903   284.0000
   1.46833100   1.60429200   0.96798200   88.00000000   113.05478700   0.00000000   -491.8524714426   285.0000
   1.46833100   1.60429200   0.96798200   89.00000000   113.05478700   0.00000000   -491.8561358075   286.0000
   1.46833100   1.60429200   0.96798200   90.00000000   113.05478700   0.00000000   -491.8595320942   287.0000
   1.46833100   1.60429200   0.96798200   91.00000000   113.05478700   0.00000000   -491.8626756842   288.0000
   1.46833100   1.60429200   0.96798200   92.00000000   113.05478700   0.00000000   -491.8655807397   289.0000
   1.49000000   1.60429200   0.96798200   110.72852700   113.05478700   0.00000000   -491.8879168738   28.0000
   1.46833100   1.60429200   0.96798200   93.00000000   113.05478700   0.00000000   -491.8682603042   290.0000
   1.46833100   1.60429200   0.96798200   94.00000000   113.05478700   0.00000000   -491.8707263954   291.0000
   1.46833100   1.60429200   0.96798200   95.00000000   113.05478700   0.00000000   -491.8729900918   292.0000
   1.46833100   1.60429200   0.96798200   96.00000000   113.05478700   0.00000000   -491.8750616115   293.0000
   1.46833100   1.60429200   0.96798200   97.00000000   113.05478700   0.00000000   -491.8769503856   294.0000
   1.46833100   1.60429200   0.96798200   98.00000000   113.05478700   0.00000000   -491.8786651251   295.0000
   1.46833100   1.60429200   0.96798200   99.00000000   113.05478700   0.00000000   -491.8802138833   296.0000
   1.46833100   1.60429200   0.96798200   100.00000000   113.05478700   0.00000000   -491.8816041115   297.0000
   1.46833100   1.60429200   0.96798200   101.00000000   113.05478700   0.00000000   -491.8828427121   298.0000
   1.46833100   1.60429200   0.96798200   102.00000000   113.05478700   0.00000000   -491.8839360856   299.0000
   1.50000000   1.60429200   0.96798200   110.72852700   113.05478700   0.00000000   -491.8874921430   29.0000
   1.23000000   1.60429200   0.96798200   110.72852700   113.05478700   0.00000000   -491.7703056838   2.0000
   1.46833100   1.60429200   0.96798200   103.00000000   113.05478700   0.00000000   -491.8848901746   300.0000
   1.46833100   1.60429200   0.96798200   104.00000000   113.05478700   0.00000000   -491.8857105034   301.0000
   1.46833100   1.60429200   0.96798200   105.00000000   113.05478700   0.00000000   -491.8864022147   302.0000
   1.46833100   1.60429200   0.96798200   106.00000000   113.05478700   0.00000000   -491.8869701029   303.0000
   1.46833100   1.60429200   0.96798200   107.00000000   113.05478700   0.00000000   -491.8874186444   304.0000
   1.46833100   1.60429200   0.96798200   108.00000000   113.05478700   0.00000000   -491.8877520249   305.0000
   1.46833100   1.60429200   0.96798200   109.00000000   113.05478700   0.00000000   -491.8879741655   306.0000
   1.46833100   1.60429200   0.96798200   110.00000000   113.05478700   0.00000000   -491.8880887448   307.0000
   1.46833100   1.60429200   0.96798200   111.00000000   113.05478700   0.00000000   -491.8880992206   308.0000
   1.46833100   1.60429200   0.96798200   112.00000000   113.05478700   0.00000000   -491.8880088486   309.0000
   1.51000000   1.60429200   0.96798200   110.72852700   113.05478700   0.00000000   -491.8868724750   30.0000
   1.46833100   1.60429200   0.96798200   113.00000000   113.05478700   0.00000000   -491.8878207007   310.0000
   1.46833100   1.60429200   0.96798200   114.00000000   113.05478700   0.00000000   -491.8875376809   311.0000
   1.46833100   1.60429200   0.96798200   115.00000000   113.05478700   0.00000000   -491.8871625406   312.0000
   1.46833100   1.60429200   0.96798200   116.00000000   113.05478700   0.00000000   -491.8866978925   313.0000
   1.46833100   1.60429200   0.96798200   117.00000000   113.05478700   0.00000000   -491.8861462239   314.0000
   1.46833100   1.60429200   0.96798200   118.00000000   113.05478700   0.00000000   -491.8855099087   315.0000
   1.46833100   1.60429200   0.96798200   119.00000000   113.05478700   0.00000000   -491.8847912193   316.0000
   1.46833100   1.60429200   0.96798200   120.00000000   113.05478700   0.00000000   -491.8839923371   317.0000
   1.46833100   1.60429200   0.96798200   121.00000000   113.05478700   0.00000000   -491.8831153635   318.0000
   1.46833100   1.60429200   0.96798200   122.00000000   113.05478700   0.00000000   -491.8821623291   319.0000
   1.52000000   1.60429200   0.96798200   110.72852700   113.05478700   0.00000000   -491.8860700058   31.0000
   1.46833100   1.60429200   0.96798200   123.00000000   113.05478700   0.00000000   -491.8811352035   320.0000
   1.46833100   1.60429200   0.96798200   124.00000000   113.05478700   0.00000000   -491.8800359042   321.0000
   1.46833100   1.60429200   0.96798200   125.00000000   113.05478700   0.00000000   -491.8788663054   322.0000
   1.46833100   1.60429200   0.96798200   126.00000000   113.05478700   0.00000000   -491.8776282462   323.0000
   1.46833100   1.60429200   0.96798200   127.00000000   113.05478700   0.00000000   -491.8763235390   324.0000
   1.46833100   1.60429200   0.96798200   128.00000000   113.05478700   0.00000000   -491.8749539769   325.0000
   1.46833100   1.60429200   0.96798200   129.00000000   113.05478700   0.00000000   -491.8735213420   326.0000
   1.46833100   1.60429200   0.96798200   130.00000000   113.05478700   0.00000000   -491.8720274128   327.0000
   1.46833100   1.60429200   0.96798200   131.00000000   113.05478700   0.00000000   -491.8704739719   328.0000
   1.46833100   1.60429200   0.96798200   132.00000000   113.05478700   0.00000000   -491.8688628132   329.0000
   1.53000000   1.60429200   0.96798200   110.72852700   113.05478700   0.00000000   -491.8850962549   32.0000
   1.46833100   1.60429200   0.96798200   133.00000000   113.05478700   0.00000000   -491.8671957499   330.0000
   1.46833100   1.60429200   0.96798200   134.00000000   113.05478700   0.00000000   -491.8654746221   331.0000
   1.46833100   1.60429200   0.96798200   135.00000000   113.05478700   0.00000000   -491.8637013043   332.0000
   1.46833100   1.60429200   0.96798200   136.00000000   113.05478700   0.00000000   -491.8618777140   333.0000
   1.46833100   1.60429200   0.96798200   137.00000000   113.05478700   0.00000000   -491.8600058196   334.0000
   1.46833100   1.60429200   0.96798200   138.00000000   113.05478700   0.00000000   -491.8580876491   335.0000
   1.46833100   1.60429200   0.96798200   139.00000000   113.05478700   0.00000000   -491.8561252990   336.0000
   1.46833100   1.60429200   0.96798200   140.00000000   113.05478700   0.00000000   -491.8541209439   337.0000
   1.46833100   1.60429200   0.96798200   141.00000000   113.05478700   0.00000000   -491.8520768461   338.0000
   1.46833100   1.60429200   0.96798200   142.00000000   113.05478700   0.00000000   -491.8499953657   339.0000
   1.54000000   1.60429200   0.96798200   110.72852700   113.05478700   0.00000000   -491.8839621564   33.0000
   1.46833100   1.60429200   0.96798200   143.00000000   113.05478700   0.00000000   -491.8478789714   340.0000
   1.46833100   1.60429200   0.96798200   144.00000000   113.05478700   0.00000000   -491.8457302518   341.0000
   1.46833100   1.60429200   0.96798200   145.00000000   113.05478700   0.00000000   -491.8435519268   342.0000
   1.46833100   1.60429200   0.96798200   146.00000000   113.05478700   0.00000000   -491.8413468593   343.0000
   1.46833100   1.60429200   0.96798200   147.00000000   113.05478700   0.00000000   -491.8391180679   344.0000
   1.46833100   1.60429200   0.96798200   148.00000000   113.05478700   0.00000000   -491.8368687387   345.0000
   1.46833100   1.60429200   0.96798200   149.00000000   113.05478700   0.00000000   -491.8346022380   346.0000
   1.46833100   1.60429200   0.96798200   150.00000000   113.05478700   0.00000000   -491.8323221243   347.0000
   1.46833100   1.60429200   0.96798200   151.00000000   113.05478700   0.00000000   -491.8300321598   348.0000
   1.46833100   1.60429200   0.96798200   152.00000000   113.05478700   0.00000000   -491.8277363160   349.0000
   1.55000000   1.60429200   0.96798200   110.72852700   113.05478700   0.00000000   -491.8826780879   34.0000
   1.46833100   1.60429200   0.96798200   153.00000000   113.05478700   0.00000000   -491.8254388073   350.0000
   1.46833100   1.60429200   0.96798200   154.00000000   113.05478700   0.00000000   -491.8231440452   351.0000
   1.46833100   1.60429200   0.96798200   155.00000000   113.05478700   0.00000000   -491.8208567105   352.0000
   1.46833100   1.60429200   0.96798200   156.00000000   113.05478700   0.00000000   -491.8185817017   353.0000
   1.46833100   1.60429200   0.96798200   157.00000000   113.05478700   0.00000000   -491.8163241561   354.0000
   1.46833100   1.60429200   0.96798200   158.00000000   113.05478700   0.00000000   -491.8140894386   355.0000
   1.46833100   1.60429200   0.96798200   159.00000000   113.05478700   0.00000000   -491.8118831270   356.0000
   1.46833100   1.60429200   0.96798200   160.00000000   113.05478700   0.00000000   -491.8097109983   357.0000
   1.46833100   1.60429200   0.96798200   161.00000000   113.05478700   0.00000000   -491.8075789792   358.0000
   1.46833100   1.60429200   0.96798200   162.00000000   113.05478700   0.00000000   -491.8054931390   359.0000
   1.56000000   1.60429200   0.96798200   110.72852700   113.05478700   0.00000000   -491.8812538982   35.0000
   1.46833100   1.60429200   0.96798200   163.00000000   113.05478700   0.00000000   -491.8034596489   360.0000
   1.46833100   1.60429200   0.96798200   164.00000000   113.05478700   0.00000000   -491.8014847078   361.0000
   1.46833100   1.60429200   0.96798200   165.00000000   113.05478700   0.00000000   -491.7995744865   362.0000
   1.46833100   1.60429200   0.96798200   166.00000000   113.05478700   0.00000000   -491.7977350914   363.0000
   1.46833100   1.60429200   0.96798200   167.00000000   113.05478700   0.00000000   -491.7959725016   364.0000
   1.46833100   1.60429200   0.96798200   168.00000000   113.05478700   0.00000000   -491.7942924555   365.0000
   1.46833100   1.60429200   0.96798200   169.00000000   113.05478700   0.00000000   -491.7927004589   366.0000
   1.46833100   1.60429200   0.96798200   170.00000000   113.05478700   0.00000000   -491.7912016769   367.0000
   1.46833100   1.60429200   0.96798200   171.00000000   113.05478700   0.00000000   -491.7898009095   368.0000
   1.46833100   1.60429200   0.96798200   172.00000000   113.05478700   0.00000000   -491.7885025597   369.0000
   1.57000000   1.60429200   0.96798200   110.72852700   113.05478700   0.00000000   -491.8796989336   36.0000
   1.46833100   1.60429200   0.96798200   173.00000000   113.05478700   0.00000000   -491.7873105930   370.0000
   1.46833100   1.60429200   0.96798200   174.00000000   113.05478700   0.00000000   -491.7862285566   371.0000
   1.46833100   1.60429200   0.96798200   175.00000000   113.05478700   0.00000000   -491.7852595717   372.0000
   1.46833100   1.60429200   0.96798200   176.00000000   113.05478700   0.00000000   -491.7844063575   373.0000
   1.46833100   1.60429200   0.96798200   177.00000000   113.05478700   0.00000000   -491.7836712618   374.0000
   1.46833100   1.60429200   0.96798200   178.00000000   113.05478700   0.00000000   -491.7830562978   375.0000
   1.46833100   1.60429200   0.96798200   179.00000000   113.05478700   0.00000000   -491.7825631823   376.0000
   1.46833100   1.60429200   0.96798200   110.72852700   55.00000000   0.00000000   -491.7812472991   377.0000
   1.46833100   1.60429200   0.96798200   110.72852700   56.00000000   0.00000000   -491.7871731674   378.0000
   1.46833100   1.60429200   0.96798200   110.72852700   57.00000000   0.00000000   -491.7927697218   379.0000
   1.58000000   1.60429200   0.96798200   110.72852700   113.05478700   0.00000000   -491.8780220631   37.0000
   1.46833100   1.60429200   0.96798200   110.72852700   58.00000000   0.00000000   -491.7980583467   380.0000
   1.46833100   1.60429200   0.96798200   110.72852700   59.00000000   0.00000000   -491.8030589549   381.0000
   1.46833100   1.60429200   0.96798200   110.72852700   60.00000000   0.00000000   -491.8077900630   382.0000
   1.46833100   1.60429200   0.96798200   110.72852700   61.00000000   0.00000000   -491.8122688696   383.0000
   1.46833100   1.60429200   0.96798200   110.72852700   62.00000000   0.00000000   -491.8165113331   384.0000
   1.46833100   1.60429200   0.96798200   110.72852700   63.00000000   0.00000000   -491.8205322487   385.0000
   1.46833100   1.60429200   0.96798200   110.72852700   64.00000000   0.00000000   -491.8243453247   386.0000
   1.46833100   1.60429200   0.96798200   110.72852700   65.00000000   0.00000000   -491.8279632549   387.0000
   1.46833100   1.60429200   0.96798200   110.72852700   66.00000000   0.00000000   -491.8313977890   388.0000
   1.46833100   1.60429200   0.96798200   110.72852700   67.00000000   0.00000000   -491.8346597991   389.0000
   1.59000000   1.60429200   0.96798200   110.72852700   113.05478700   0.00000000   -491.8762317017   38.0000
   1.46833100   1.60429200   0.96798200   110.72852700   68.00000000   0.00000000   -491.8377593419   390.0000
   1.46833100   1.60429200   0.96798200   110.72852700   69.00000000   0.00000000   -491.8407057181   391.0000
   1.46833100   1.60429200   0.96798200   110.72852700   70.00000000   0.00000000   -491.8435075275   392.0000
   1.46833100   1.60429200   0.96798200   110.72852700   71.00000000   0.00000000   -491.8461727209   393.0000
   1.46833100   1.60429200   0.96798200   110.72852700   72.00000000   0.00000000   -491.8487086482   394.0000
   1.46833100   1.60429200   0.96798200   110.72852700   73.00000000   0.00000000   -491.8511221047   395.0000
   1.46833100   1.60429200   0.96798200   110.72852700   74.00000000   0.00000000   -491.8534193733   396.0000
   1.46833100   1.60429200   0.96798200   110.72852700   75.00000000   0.00000000   -491.8556062648   397.0000
   1.46833100   1.60429200   0.96798200   110.72852700   76.00000000   0.00000000   -491.8576881552   398.0000
   1.46833100   1.60429200   0.96798200   110.72852700   77.00000000   0.00000000   -491.8596700208   399.0000
   1.60000000   1.60429200   0.96798200   110.72852700   113.05478700   0.00000000   -491.8743358341   39.0000
   1.24000000   1.60429200   0.96798200   110.72852700   113.05478700   0.00000000   -491.7822516619   3.0000
   1.46833100   1.60429200   0.96798200   110.72852700   78.00000000   0.00000000   -491.8615564711   400.0000
   1.46833100   1.60429200   0.96798200   110.72852700   79.00000000   0.00000000   -491.8633517792   401.0000
   1.46833100   1.60429200   0.96798200   110.72852700   80.00000000   0.00000000   -491.8650599098   402.0000
   1.46833100   1.60429200   0.96798200   110.72852700   81.00000000   0.00000000   -491.8666845459   403.0000
   1.46833100   1.60429200   0.96798200   110.72852700   82.00000000   0.00000000   -491.8682291123   404.0000
   1.46833100   1.60429200   0.96798200   110.72852700   83.00000000   0.00000000   -491.8696967985   405.0000
   1.46833100   1.60429200   0.96798200   110.72852700   84.00000000   0.00000000   -491.8710905789   406.0000
   1.46833100   1.60429200   0.96798200   110.72852700   85.00000000   0.00000000   -491.8724132313   407.0000
   1.46833100   1.60429200   0.96798200   110.72852700   86.00000000   0.00000000   -491.8736673545   408.0000
   1.46833100   1.60429200   0.96798200   110.72852700   87.00000000   0.00000000   -491.8748553836   409.0000
   1.61000000   1.60429200   0.96798200   110.72852700   113.05478700   0.00000000   -491.8723420346   40.0000
   1.46833100   1.60429200   0.96798200   110.72852700   88.00000000   0.00000000   -491.8759796044   410.0000
   1.46833100   1.60429200   0.96798200   110.72852700   89.00000000   0.00000000   -491.8770421665   411.0000
   1.46833100   1.60429200   0.96798200   110.72852700   90.00000000   0.00000000   -491.8780450951   412.0000
   1.46833100   1.60429200   0.96798200   110.72852700   91.00000000   0.00000000   -491.8789903016   413.0000
   1.46833100   1.60429200   0.96798200   110.72852700   92.00000000   0.00000000   -491.8798795936   414.0000
   1.46833100   1.60429200   0.96798200   110.72852700   93.00000000   0.00000000   -491.8807146838   415.0000
   1.46833100   1.60429200   0.96798200   110.72852700   94.00000000   0.00000000   -491.8814971982   416.0000
   1.46833100   1.60429200   0.96798200   110.72852700   95.00000000   0.00000000   -491.8822286835   417.0000
   1.46833100   1.60429200   0.96798200   110.72852700   96.00000000   0.00000000   -491.8829106140   418.0000
   1.46833100   1.60429200   0.96798200   110.72852700   97.00000000   0.00000000   -491.8835443979   419.0000
   1.62000000   1.60429200   0.96798200   110.72852700   113.05478700   0.00000000   -491.8702574786   41.0000
   1.46833100   1.60429200   0.96798200   110.72852700   98.00000000   0.00000000   -491.8841313831   420.0000
   1.46833100   1.60429200   0.96798200   110.72852700   99.00000000   0.00000000   -491.8846728626   421.0000
   1.46833100   1.60429200   0.96798200   110.72852700   100.00000000   0.00000000   -491.8851700798   422.0000
   1.46833100   1.60429200   0.96798200   110.72852700   101.00000000   0.00000000   -491.8856242326   423.0000
   1.46833100   1.60429200   0.96798200   110.72852700   102.00000000   0.00000000   -491.8860364783   424.0000
   1.46833100   1.60429200   0.96798200   110.72852700   103.00000000   0.00000000   -491.8864079374   425.0000
   1.46833100   1.60429200   0.96798200   110.72852700   104.00000000   0.00000000   -491.8867396974   426.0000
   1.46833100   1.60429200   0.96798200   110.72852700   105.00000000   0.00000000   -491.8870328163   427.0000
   1.46833100   1.60429200   0.96798200   110.72852700   106.00000000   0.00000000   -491.8872883260   428.0000
   1.46833100   1.60429200   0.96798200   110.72852700   107.00000000   0.00000000   -491.8875072351   429.0000
   1.63000000   1.60429200   0.96798200   110.72852700   113.05478700   0.00000000   -491.8680890029   42.0000
   1.46833100   1.60429200   0.96798200   110.72852700   108.00000000   0.00000000   -491.8876905317   430.0000
   1.46833100   1.60429200   0.96798200   110.72852700   109.00000000   0.00000000   -491.8878391863   431.0000
   1.46833100   1.60429200   0.96798200   110.72852700   110.00000000   0.00000000   -491.8879541535   432.0000
   1.46833100   1.60429200   0.96798200   110.72852700   111.00000000   0.00000000   -491.8880363747   433.0000
   1.46833100   1.60429200   0.96798200   110.72852700   112.00000000   0.00000000   -491.8880867796   434.0000
   1.46833100   1.60429200   0.96798200   110.72852700   113.00000000   0.00000000   -491.8881062881   435.0000
   1.46833100   1.60429200   0.96798200   110.72852700   114.00000000   0.00000000   -491.8880958119   436.0000
   1.46833100   1.60429200   0.96798200   110.72852700   115.00000000   0.00000000   -491.8880562559   437.0000
   1.46833100   1.60429200   0.96798200   110.72852700   116.00000000   0.00000000   -491.8879885190   438.0000
   1.46833100   1.60429200   0.96798200   110.72852700   117.00000000   0.00000000   -491.8878934959   439.0000
   1.64000000   1.60429200   0.96798200   110.72852700   113.05478700   0.00000000   -491.8658430639   43.0000
   1.46833100   1.60429200   0.96798200   110.72852700   118.00000000   0.00000000   -491.8877720774   440.0000
   1.46833100   1.60429200   0.96798200   110.72852700   119.00000000   0.00000000   -491.8876251516   441.0000
   1.46833100   1.60429200   0.96798200   110.72852700   120.00000000   0.00000000   -491.8874536048   442.0000
   1.46833100   1.60429200   0.96798200   110.72852700   121.00000000   0.00000000   -491.8872583213   443.0000
   1.46833100   1.60429200   0.96798200   110.72852700   122.00000000   0.00000000   -491.8870401849   444.0000
   1.46833100   1.60429200   0.96798200   110.72852700   123.00000000   0.00000000   -491.8868000788   445.0000
   1.46833100   1.60429200   0.96798200   110.72852700   124.00000000   0.00000000   -491.8865388859   446.0000
   1.46833100   1.60429200   0.96798200   110.72852700   125.00000000   0.00000000   -491.8862574895   447.0000
   1.46833100   1.60429200   0.96798200   110.72852700   126.00000000   0.00000000   -491.8859567730   448.0000
   1.46833100   1.60429200   0.96798200   110.72852700   127.00000000   0.00000000   -491.8856376205   449.0000
   1.65000000   1.60429200   0.96798200   110.72852700   113.05478700   0.00000000   -491.8635257948   44.0000
   1.46833100   1.60429200   0.96798200   110.72852700   128.00000000   0.00000000   -491.8853009165   450.0000
   1.46833100   1.60429200   0.96798200   110.72852700   129.00000000   0.00000000   -491.8849475466   451.0000
   1.46833100   1.60429200   0.96798200   110.72852700   130.00000000   0.00000000   -491.8845783965   452.0000
   1.46833100   1.60429200   0.96798200   110.72852700   131.00000000   0.00000000   -491.8841943534   453.0000
   1.46833100   1.60429200   0.96798200   110.72852700   132.00000000   0.00000000   -491.8837963045   454.0000
   1.46833100   1.60429200   0.96798200   110.72852700   133.00000000   0.00000000   -491.8833851381   455.0000
   1.46833100   1.60429200   0.96798200   110.72852700   134.00000000   0.00000000   -491.8829617428   456.0000
   1.46833100   1.60429200   0.96798200   110.72852700   135.00000000   0.00000000   -491.8825270077   457.0000
   1.46833100   1.60429200   0.96798200   110.72852700   136.00000000   0.00000000   -491.8820818224   458.0000
   1.46833100   1.60429200   0.96798200   110.72852700   137.00000000   0.00000000   -491.8816270763   459.0000
   1.66000000   1.60429200   0.96798200   110.72852700   113.05478700   0.00000000   -491.8611430130   45.0000
   1.46833100   1.60429200   0.96798200   110.72852700   138.00000000   0.00000000   -491.8811636593   460.0000
   1.46833100   1.60429200   0.96798200   110.72852700   139.00000000   0.00000000   -491.8806924605   461.0000
   1.46833100   1.60429200   0.96798200   110.72852700   140.00000000   0.00000000   -491.8802143688   462.0000
   1.46833100   1.60429200   0.96798200   110.72852700   141.00000000   0.00000000   -491.8797302723   463.0000
   1.46833100   1.60429200   0.96798200   110.72852700   142.00000000   0.00000000   -491.8792410579   464.0000
   1.46833100   1.60429200   0.96798200   110.72852700   143.00000000   0.00000000   -491.8787476110   465.0000
   1.46833100   1.60429200   0.96798200   110.72852700   144.00000000   0.00000000   -491.8782508149   466.0000
   1.46833100   1.60429200   0.96798200   110.72852700   145.00000000   0.00000000   -491.8777515505   467.0000
   1.46833100   1.60429200   0.96798200   110.72852700   146.00000000   0.00000000   -491.8772506959   468.0000
   1.46833100   1.60429200   0.96798200   110.72852700   147.00000000   0.00000000   -491.8767491253   469.0000
   1.67000000   1.60429200   0.96798200   110.72852700   113.05478700   0.00000000   -491.8587002362   46.0000
   1.46833100   1.60429200   0.96798200   110.72852700   148.00000000   0.00000000   -491.8762477090   470.0000
   1.46833100   1.60429200   0.96798200   110.72852700   149.00000000   0.00000000   -491.8757473121   471.0000
   1.46833100   1.60429200   0.96798200   110.72852700   150.00000000   0.00000000   -491.8752487943   472.0000
   1.46833100   1.60429200   0.96798200   110.72852700   151.00000000   0.00000000   -491.8747530087   473.0000
   1.46833100   1.60429200   0.96798200   110.72852700   152.00000000   0.00000000   -491.8742608013   474.0000
   1.46833100   1.60429200   0.96798200   110.72852700   153.00000000   0.00000000   -491.8737730098   475.0000
   1.46833100   1.60429200   0.96798200   110.72852700   154.00000000   0.00000000   -491.8732904631   476.0000
   1.46833100   1.60429200   0.96798200   110.72852700   155.00000000   0.00000000   -491.8728139802   477.0000
   1.46833100   1.60429200   0.96798200   110.72852700   156.00000000   0.00000000   -491.8723443690   478.0000
   1.46833100   1.60429200   0.96798200   110.72852700   157.00000000   0.00000000   -491.8718824258   479.0000
   1.68000000   1.60429200   0.96798200   110.72852700   113.05478700   0.00000000   -491.8562026982   47.0000
   1.46833100   1.60429200   0.96798200   110.72852700   158.00000000   0.00000000   -491.8714289337   480.0000
   1.46833100   1.60429200   0.96798200   110.72852700   159.00000000   0.00000000   -491.8709846620   481.0000
   1.46833100   1.60429200   0.96798200   110.72852700   160.00000000   0.00000000   -491.8705503649   482.0000
   1.46833100   1.60429200   0.96798200   110.72852700   161.00000000   0.00000000   -491.8701267807   483.0000
   1.46833100   1.60429200   0.96798200   110.72852700   162.00000000   0.00000000   -491.8697146303   484.0000
   1.46833100   1.60429200   0.96798200   110.72852700   163.00000000   0.00000000   -491.8693146162   485.0000
   1.46833100   1.60429200   0.96798200   110.72852700   164.00000000   0.00000000   -491.8689274213   486.0000
   1.46833100   1.60429200   0.96798200   110.72852700   165.00000000   0.00000000   -491.8685537081   487.0000
   1.46833100   1.60429200   0.96798200   110.72852700   166.00000000   0.00000000   -491.8681941167   488.0000
   1.46833100   1.60429200   0.96798200   110.72852700   167.00000000   0.00000000   -491.8678492645   489.0000
   1.69000000   1.60429200   0.96798200   110.72852700   113.05478700   0.00000000   -491.8536553634   48.0000
   1.46833100   1.60429200   0.96798200   110.72852700   168.00000000   0.00000000   -491.8675197440   490.0000
   1.46833100   1.60429200   0.96798200   110.72852700   169.00000000   0.00000000   -491.8672061223   491.0000
   1.46833100   1.60429200   0.96798200   110.72852700   170.00000000   0.00000000   -491.8669089393   492.0000
   1.46833100   1.60429200   0.96798200   110.72852700   171.00000000   0.00000000   -491.8666287070   493.0000
   1.46833100   1.60429200   0.96798200   110.72852700   172.00000000   0.00000000   -491.8663659073   494.0000
   1.46833100   1.60429200   0.96798200   110.72852700   173.00000000   0.00000000   -491.8661209916   495.0000
   1.46833100   1.60429200   0.96798200   110.72852700   174.00000000   0.00000000   -491.8658943793   496.0000
   1.46833100   1.60429200   0.96798200   110.72852700   175.00000000   0.00000000   -491.8656864564   497.0000
   1.46833100   1.60429200   0.96798200   110.72852700   176.00000000   0.00000000   -491.8654975745   498.0000
   1.46833100   1.60429200   0.96798200   110.72852700   177.00000000   0.00000000   -491.8653280499   499.0000
   1.70000000   1.60429200   0.96798200   110.72852700   113.05478700   0.00000000   -491.8510629412   49.0000
   1.25000000   1.60429200   0.96798200   110.72852700   113.05478700   0.00000000   -491.7933183963   4.0000
   1.46833100   1.60429200   0.96798200   110.72852700   178.00000000   0.00000000   -491.8651781626   500.0000
   1.46833100   1.60429200   0.96798200   110.72852700   179.00000000   0.00000000   -491.8650481554   501.0000
   1.46833100   1.60429200   0.96798200   110.72852700   180.00000000   0.00000000   -491.8649382330   502.0000
   1.46833100   1.60429200   0.96798200   110.72852700   113.05478700   0.00000000   -491.8881064823   503.0000
   1.46833100   1.60429200   0.96798200   110.72852700   113.05478700   1.00000000   -491.8881021884   504.0000
   1.46833100   1.60429200   0.96798200   110.72852700   113.05478700   2.00000000   -491.8880893114   505.0000
   1.46833100   1.60429200   0.96798200   110.72852700   113.05478700   3.00000000   -491.8880678658   506.0000
   1.46833100   1.60429200   0.96798200   110.72852700   113.05478700   4.00000000   -491.8880378751   507.0000
   1.46833100   1.60429200   0.96798200   110.72852700   113.05478700   5.00000000   -491.8879993728   508.0000
   1.46833100   1.60429200   0.96798200   110.72852700   113.05478700   6.00000000   -491.8879524013   509.0000
   1.71000000   1.60429200   0.96798200   110.72852700   113.05478700   0.00000000   -491.8484298994   50.0000
   1.46833100   1.60429200   0.96798200   110.72852700   113.05478700   7.00000000   -491.8878970127   510.0000
   1.46833100   1.60429200   0.96798200   110.72852700   113.05478700   8.00000000   -491.8878332684   511.0000
   1.46833100   1.60429200   0.96798200   110.72852700   113.05478700   9.00000000   -491.8877612389   512.0000
   1.46833100   1.60429200   0.96798200   110.72852700   113.05478700   10.00000000   -491.8876810038   513.0000
   1.46833100   1.60429200   0.96798200   110.72852700   113.05478700   11.00000000   -491.8875926518   514.0000
   1.46833100   1.60429200   0.96798200   110.72852700   113.05478700   12.00000000   -491.8874962805   515.0000
   1.46833100   1.60429200   0.96798200   110.72852700   113.05478700   13.00000000   -491.8873919962   516.0000
   1.46833100   1.60429200   0.96798200   110.72852700   113.05478700   14.00000000   -491.8872799140   517.0000
   1.46833100   1.60429200   0.96798200   110.72852700   113.05478700   15.00000000   -491.8871601573   518.0000
   1.46833100   1.60429200   0.96798200   110.72852700   113.05478700   16.00000000   -491.8870328582   519.0000
   1.72000000   1.60429200   0.96798200   110.72852700   113.05478700   0.00000000   -491.8457604777   51.0000
   1.46833100   1.60429200   0.96798200   110.72852700   113.05478700   17.00000000   -491.8868981565   520.0000
   1.46833100   1.60429200   0.96798200   110.72852700   113.05478700   18.00000000   -491.8867562005   521.0000
   1.46833100   1.60429200   0.96798200   110.72852700   113.05478700   19.00000000   -491.8866071461   522.0000
   1.46833100   1.60429200   0.96798200   110.72852700   113.05478700   20.00000000   -491.8864511569   523.0000
   1.46833100   1.60429200   0.96798200   110.72852700   113.05478700   21.00000000   -491.8862884040   524.0000
   1.46833100   1.60429200   0.96798200   110.72852700   113.05478700   22.00000000   -491.8861190657   525.0000
   1.46833100   1.60429200   0.96798200   110.72852700   113.05478700   23.00000000   -491.8859433276   526.0000
   1.46833100   1.60429200   0.96798200   110.72852700   113.05478700   24.00000000   -491.8857613821   527.0000
   1.46833100   1.60429200   0.96798200   110.72852700   113.05478700   25.00000000   -491.8855734280   528.0000
   1.46833100   1.60429200   0.96798200   110.72852700   113.05478700   26.00000000   -491.8853796709   529.0000
   1.73000000   1.60429200   0.96798200   110.72852700   113.05478700   0.00000000   -491.8430586996   52.0000
   1.46833100   1.60429200   0.96798200   110.72852700   113.05478700   27.00000000   -491.8851803225   530.0000
   1.46833100   1.60429200   0.96798200   110.72852700   113.05478700   28.00000000   -491.8849756005   531.0000
   1.46833100   1.60429200   0.96798200   110.72852700   113.05478700   29.00000000   -491.8847657284   532.0000
   1.46833100   1.60429200   0.96798200   110.72852700   113.05478700   30.00000000   -491.8845509351   533.0000
   1.46833100   1.60429200   0.96798200   110.72852700   113.05478700   31.00000000   -491.8843314552   534.0000
   1.46833100   1.60429200   0.96798200   110.72852700   113.05478700   32.00000000   -491.8841075281   535.0000
   1.46833100   1.60429200   0.96798200   110.72852700   113.05478700   33.00000000   -491.8838793980   536.0000
   1.46833100   1.60429200   0.96798200   110.72852700   113.05478700   34.00000000   -491.8836473138   537.0000
   1.46833100   1.60429200   0.96798200   110.72852700   113.05478700   35.00000000   -491.8834115289   538.0000
   1.46833100   1.60429200   0.96798200   110.72852700   113.05478700   36.00000000   -491.8831723005   539.0000
   1.74000000   1.60429200   0.96798200   110.72852700   113.05478700   0.00000000   -491.8403283797   53.0000
   1.46833100   1.60429200   0.96798200   110.72852700   113.05478700   37.00000000   -491.8829298901   540.0000
   1.46833100   1.60429200   0.96798200   110.72852700   113.05478700   38.00000000   -491.8826845623   541.0000
   1.46833100   1.60429200   0.96798200   110.72852700   113.05478700   39.00000000   -491.8824365855   542.0000
   1.46833100   1.60429200   0.96798200   110.72852700   113.05478700   40.00000000   -491.8821862310   543.0000
   1.46833100   1.60429200   0.96798200   110.72852700   113.05478700   41.00000000   -491.8819337729   544.0000
   1.46833100   1.60429200   0.96798200   110.72852700   113.05478700   42.00000000   -491.8816794880   545.0000
   1.46833100   1.60429200   0.96798200   110.72852700   113.05478700   43.00000000   -491.8814236553   546.0000
   1.46833100   1.60429200   0.96798200   110.72852700   113.05478700   44.00000000   -491.8811665561   547.0000
   1.46833100   1.60429200   0.96798200   110.72852700   113.05478700   45.00000000   -491.8809084730   548.0000
   1.46833100   1.60429200   0.96798200   110.72852700   113.05478700   46.00000000   -491.8806496905   549.0000
   1.75000000   1.60429200   0.96798200   110.72852700   113.05478700   0.00000000   -491.8375731553   54.0000
   1.46833100   1.60429200   0.96798200   110.72852700   113.05478700   47.00000000   -491.8803904942   550.0000
   1.46833100   1.60429200   0.96798200   110.72852700   113.05478700   48.00000000   -491.8801311705   551.0000
   1.46833100   1.60429200   0.96798200   110.72852700   113.05478700   49.00000000   -491.8798720066   552.0000
   1.46833100   1.60429200   0.96798200   110.72852700   113.05478700   50.00000000   -491.8796132898   553.0000
   1.46833100   1.60429200   0.96798200   110.72852700   113.05478700   51.00000000   -491.8793553078   554.0000
   1.46833100   1.60429200   0.96798200   110.72852700   113.05478700   52.00000000   -491.8790983478   555.0000
   1.46833100   1.60429200   0.96798200   110.72852700   113.05478700   53.00000000   -491.8788426962   556.0000
   1.46833100   1.60429200   0.96798200   110.72852700   113.05478700   54.00000000   -491.8785886389   557.0000
   1.46833100   1.60429200   0.96798200   110.72852700   113.05478700   55.00000000   -491.8783364604   558.0000
   1.46833100   1.60429200   0.96798200   110.72852700   113.05478700   56.00000000   -491.8780864436   559.0000
   1.76000000   1.60429200   0.96798200   110.72852700   113.05478700   0.00000000   -491.8347964738   55.0000
   1.46833100   1.60429200   0.96798200   110.72852700   113.05478700   57.00000000   -491.8778388695   560.0000
   1.46833100   1.60429200   0.96798200   110.72852700   113.05478700   58.00000000   -491.8775940170   561.0000
   1.46833100   1.60429200   0.96798200   110.72852700   113.05478700   59.00000000   -491.8773521623   562.0000
   1.46833100   1.60429200   0.96798200   110.72852700   113.05478700   60.00000000   -491.8771135787   563.0000
   1.46833100   1.60429200   0.96798200   110.72852700   113.05478700   61.00000000   -491.8768785363   564.0000
   1.46833100   1.60429200   0.96798200   110.72852700   113.05478700   62.00000000   -491.8766473013   565.0000
   1.46833100   1.60429200   0.96798200   110.72852700   113.05478700   63.00000000   -491.8764201363   566.0000
   1.46833100   1.60429200   0.96798200   110.72852700   113.05478700   64.00000000   -491.8761972990   567.0000
   1.46833100   1.60429200   0.96798200   110.72852700   113.05478700   65.00000000   -491.8759790429   568.0000
   1.46833100   1.60429200   0.96798200   110.72852700   113.05478700   66.00000000   -491.8757656159   569.0000
   1.77000000   1.60429200   0.96798200   110.72852700   113.05478700   0.00000000   -491.8320015892   56.0000
   1.46833100   1.60429200   0.96798200   110.72852700   113.05478700   67.00000000   -491.8755572607   570.0000
   1.46833100   1.60429200   0.96798200   110.72852700   113.05478700   68.00000000   -491.8753542139   571.0000
   1.46833100   1.60429200   0.96798200   110.72852700   113.05478700   69.00000000   -491.8751567060   572.0000
   1.46833100   1.60429200   0.96798200   110.72852700   113.05478700   70.00000000   -491.8749649608   573.0000
   1.46833100   1.60429200   0.96798200   110.72852700   113.05478700   71.00000000   -491.8747791950   574.0000
   1.46833100   1.60429200   0.96798200   110.72852700   113.05478700   72.00000000   -491.8745996182   575.0000
   1.46833100   1.60429200   0.96798200   110.72852700   113.05478700   73.00000000   -491.8744264320   576.0000
   1.46833100   1.60429200   0.96798200   110.72852700   113.05478700   74.00000000   -491.8742598300   577.0000
   1.46833100   1.60429200   0.96798200   110.72852700   113.05478700   75.00000000   -491.8740999973   578.0000
   1.46833100   1.60429200   0.96798200   110.72852700   113.05478700   76.00000000   -491.8739471102   579.0000
   1.78000000   1.60429200   0.96798200   110.72852700   113.05478700   0.00000000   -491.8291916459   57.0000
   1.46833100   1.60429200   0.96798200   110.72852700   113.05478700   77.00000000   -491.8738013360   580.0000
   1.46833100   1.60429200   0.96798200   110.72852700   113.05478700   78.00000000   -491.8736628325   581.0000
   1.46833100   1.60429200   0.96798200   110.72852700   113.05478700   79.00000000   -491.8735317477   582.0000
   1.46833100   1.60429200   0.96798200   110.72852700   113.05478700   80.00000000   -491.8734082197   583.0000
   1.46833100   1.60429200   0.96798200   110.72852700   113.05478700   81.00000000   -491.8732923761   584.0000
   1.46833100   1.60429200   0.96798200   110.72852700   113.05478700   82.00000000   -491.8731843342   585.0000
   1.46833100   1.60429200   0.96798200   110.72852700   113.05478700   83.00000000   -491.8730842001   586.0000
   1.46833100   1.60429200   0.96798200   110.72852700   113.05478700   84.00000000   -491.8729920694   587.0000
   1.46833100   1.60429200   0.96798200   110.72852700   113.05478700   85.00000000   -491.8729080259   588.0000
   1.46833100   1.60429200   0.96798200   110.72852700   113.05478700   86.00000000   -491.8728321426   589.0000
   1.79000000   1.60429200   0.96798200   110.72852700   113.05478700   0.00000000   -491.8263696011   58.0000
   1.46833100   1.60429200   0.96798200   110.72852700   113.05478700   87.00000000   -491.8727644804   590.0000
   1.46833100   1.60429200   0.96798200   110.72852700   113.05478700   88.00000000   -491.8727050889   591.0000
   1.46833100   1.60429200   0.96798200   110.72852700   113.05478700   89.00000000   -491.8726540058   592.0000
   1.46833100   1.60429200   0.96798200   110.72852700   113.05478700   90.00000000   -491.8726112569   593.0000
   1.46833100   1.60429200   0.96798200   110.72852700   113.05478700   91.00000000   -491.8725768561   594.0000
   1.46833100   1.60429200   0.96798200   110.72852700   113.05478700   92.00000000   -491.8725508053   595.0000
   1.46833100   1.60429200   0.96798200   110.72852700   113.05478700   93.00000000   -491.8725330945   596.0000
   1.46833100   1.60429200   0.96798200   110.72852700   113.05478700   94.00000000   -491.8725237019   597.0000
   1.46833100   1.60429200   0.96798200   110.72852700   113.05478700   95.00000000   -491.8725225937   598.0000
   1.46833100   1.60429200   0.96798200   110.72852700   113.05478700   96.00000000   -491.8725297242   599.0000
   1.80000000   1.60429200   0.96798200   110.72852700   113.05478700   0.00000000   -491.8235382841   59.0000
   1.26000000   1.60429200   0.96798200   110.72852700   113.05478700   0.00000000   -491.8035525838   5.0000
   1.46833100   1.60429200   0.96798200   110.72852700   113.05478700   97.00000000   -491.8725450363   600.0000
   1.46833100   1.60429200   0.96798200   110.72852700   113.05478700   98.00000000   -491.8725684612   601.0000
   1.46833100   1.60429200   0.96798200   110.72852700   113.05478700   99.00000000   -491.8725999186   602.0000
   1.46833100   1.60429200   0.96798200   110.72852700   113.05478700   100.00000000   -491.8726393171   603.0000
   1.46833100   1.60429200   0.96798200   110.72852700   113.05478700   101.00000000   -491.8726865543   604.0000
   1.46833100   1.60429200   0.96798200   110.72852700   113.05478700   102.00000000   -491.8727415170   605.0000
   1.46833100   1.60429200   0.96798200   110.72852700   113.05478700   103.00000000   -491.8728040816   606.0000
   1.46833100   1.60429200   0.96798200   110.72852700   113.05478700   104.00000000   -491.8728741139   607.0000
   1.46833100   1.60429200   0.96798200   110.72852700   113.05478700   105.00000000   -491.8729514701   608.0000
   1.46833100   1.60429200   0.96798200   110.72852700   113.05478700   106.00000000   -491.8730359967   609.0000
   1.81000000   1.60429200   0.96798200   110.72852700   113.05478700   0.00000000   -491.8207003955   60.0000
   1.46833100   1.60429200   0.96798200   110.72852700   113.05478700   107.00000000   -491.8731275306   610.0000
   1.46833100   1.60429200   0.96798200   110.72852700   113.05478700   108.00000000   -491.8732259000   611.0000
   1.46833100   1.60429200   0.96798200   110.72852700   113.05478700   109.00000000   -491.8733309244   612.0000
   1.46833100   1.60429200   0.96798200   110.72852700   113.05478700   110.00000000   -491.8734424152   613.0000
   1.46833100   1.60429200   0.96798200   110.72852700   113.05478700   111.00000000   -491.8735601757   614.0000
   1.46833100   1.60429200   0.96798200   110.72852700   113.05478700   112.00000000   -491.8736840019   615.0000
   1.46833100   1.60429200   0.96798200   110.72852700   113.05478700   113.00000000   -491.8738136827   616.0000
   1.46833100   1.60429200   0.96798200   110.72852700   113.05478700   114.00000000   -491.8739490004   617.0000
   1.46833100   1.60429200   0.96798200   110.72852700   113.05478700   115.00000000   -491.8740897311   618.0000
   1.46833100   1.60429200   0.96798200   110.72852700   113.05478700   116.00000000   -491.8742356449   619.0000
   1.82000000   1.60429200   0.96798200   110.72852700   113.05478700   0.00000000   -491.8178585192   61.0000
   1.46833100   1.60429200   0.96798200   110.72852700   113.05478700   117.00000000   -491.8743865067   620.0000
   1.46833100   1.60429200   0.96798200   110.72852700   113.05478700   118.00000000   -491.8745420764   621.0000
   1.46833100   1.60429200   0.96798200   110.72852700   113.05478700   119.00000000   -491.8747021095   622.0000
   1.46833100   1.60429200   0.96798200   110.72852700   113.05478700   120.00000000   -491.8748663572   623.0000
   1.46833100   1.60429200   0.96798200   110.72852700   113.05478700   121.00000000   -491.8750345670   624.0000
   1.46833100   1.60429200   0.96798200   110.72852700   113.05478700   122.00000000   -491.8752064834   625.0000
   1.46833100   1.60429200   0.96798200   110.72852700   113.05478700   123.00000000   -491.8753818476   626.0000
   1.46833100   1.60429200   0.96798200   110.72852700   113.05478700   124.00000000   -491.8755603989   627.0000
   1.46833100   1.60429200   0.96798200   110.72852700   113.05478700   125.00000000   -491.8757418743   628.0000
   1.46833100   1.60429200   0.96798200   110.72852700   113.05478700   126.00000000   -491.8759260089   629.0000
   1.83000000   1.60429200   0.96798200   110.72852700   113.05478700   0.00000000   -491.8150151235   62.0000
   1.46833100   1.60429200   0.96798200   110.72852700   113.05478700   127.00000000   -491.8761125370   630.0000
   1.46833100   1.60429200   0.96798200   110.72852700   113.05478700   128.00000000   -491.8763011918   631.0000
   1.46833100   1.60429200   0.96798200   110.72852700   113.05478700   129.00000000   -491.8764917059   632.0000
   1.46833100   1.60429200   0.96798200   110.72852700   113.05478700   130.00000000   -491.8766838120   633.0000
   1.46833100   1.60429200   0.96798200   110.72852700   113.05478700   131.00000000   -491.8768772429   634.0000
   1.46833100   1.60429200   0.96798200   110.72852700   113.05478700   132.00000000   -491.8770717318   635.0000
   1.46833100   1.60429200   0.96798200   110.72852700   113.05478700   133.00000000   -491.8772670131   636.0000
   1.46833100   1.60429200   0.96798200   110.72852700   113.05478700   134.00000000   -491.8774628221   637.0000
   1.46833100   1.60429200   0.96798200   110.72852700   113.05478700   135.00000000   -491.8776588960   638.0000
   1.46833100   1.60429200   0.96798200   110.72852700   113.05478700   136.00000000   -491.8778549733   639.0000
   1.84000000   1.60429200   0.96798200   110.72852700   113.05478700   0.00000000   -491.8121725839   63.0000
   1.46833100   1.60429200   0.96798200   110.72852700   113.05478700   137.00000000   -491.8780507951   640.0000
   1.46833100   1.60429200   0.96798200   110.72852700   113.05478700   138.00000000   -491.8782461046   641.0000
   1.46833100   1.60429200   0.96798200   110.72852700   113.05478700   139.00000000   -491.8784406479   642.0000
   1.46833100   1.60429200   0.96798200   110.72852700   113.05478700   140.00000000   -491.8786341738   643.0000
   1.46833100   1.60429200   0.96798200   110.72852700   113.05478700   141.00000000   -491.8788264344   644.0000
   1.46833100   1.60429200   0.96798200   110.72852700   113.05478700   142.00000000   -491.8790171852   645.0000
   1.46833100   1.60429200   0.96798200   110.72852700   113.05478700   143.00000000   -491.8792061855   646.0000
   1.46833100   1.60429200   0.96798200   110.72852700   113.05478700   144.00000000   -491.8793931981   647.0000
   1.46833100   1.60429200   0.96798200   110.72852700   113.05478700   145.00000000   -491.8795779904   648.0000
   1.46833100   1.60429200   0.96798200   110.72852700   113.05478700   146.00000000   -491.8797603335   649.0000
   1.85000000   1.60429200   0.96798200   110.72852700   113.05478700   0.00000000   -491.8093331854   64.0000
   1.46833100   1.60429200   0.96798200   110.72852700   113.05478700   147.00000000   -491.8799400036   650.0000
   1.46833100   1.60429200   0.96798200   110.72852700   113.05478700   148.00000000   -491.8801167811   651.0000
   1.46833100   1.60429200   0.96798200   110.72852700   113.05478700   149.00000000   -491.8802904514   652.0000
   1.46833100   1.60429200   0.96798200   110.72852700   113.05478700   150.00000000   -491.8804608049   653.0000
   1.46833100   1.60429200   0.96798200   110.72852700   113.05478700   151.00000000   -491.8806276373   654.0000
   1.46833100   1.60429200   0.96798200   110.72852700   113.05478700   152.00000000   -491.8807907496   655.0000
   1.46833100   1.60429200   0.96798200   110.72852700   113.05478700   153.00000000   -491.8809499480   656.0000
   1.46833100   1.60429200   0.96798200   110.72852700   113.05478700   154.00000000   -491.8811050447   657.0000
   1.46833100   1.60429200   0.96798200   110.72852700   113.05478700   155.00000000   -491.8812558573   658.0000
   1.46833100   1.60429200   0.96798200   110.72852700   113.05478700   156.00000000   -491.8814022097   659.0000
   1.86000000   1.60429200   0.96798200   110.72852700   113.05478700   0.00000000   -491.8064991338   65.0000
   1.46833100   1.60429200   0.96798200   110.72852700   113.05478700   157.00000000   -491.8815439313   660.0000
   1.46833100   1.60429200   0.96798200   110.72852700   113.05478700   158.00000000   -491.8816808580   661.0000
   1.46833100   1.60429200   0.96798200   110.72852700   113.05478700   159.00000000   -491.8818128317   662.0000
   1.46833100   1.60429200   0.96798200   110.72852700   113.05478700   160.00000000   -491.8819397008   663.0000
   1.46833100   1.60429200   0.96798200   110.72852700   113.05478700   161.00000000   -491.8820613199   664.0000
   1.46833100   1.60429200   0.96798200   110.72852700   113.05478700   162.00000000   -491.8821775502   665.0000
   1.46833100   1.60429200   0.96798200   110.72852700   113.05478700   163.00000000   -491.8822882596   666.0000
   1.46833100   1.60429200   0.96798200   110.72852700   113.05478700   164.00000000   -491.8823933226   667.0000
   1.46833100   1.60429200   0.96798200   110.72852700   113.05478700   165.00000000   -491.8824926203   668.0000
   1.46833100   1.60429200   0.96798200   110.72852700   113.05478700   166.00000000   -491.8825860410   669.0000
   1.87000000   1.60429200   0.96798200   110.72852700   113.05478700   0.00000000   -491.8036725662   66.0000
   1.46833100   1.60429200   0.96798200   110.72852700   113.05478700   167.00000000   -491.8826734795   670.0000
   1.46833100   1.60429200   0.96798200   110.72852700   113.05478700   168.00000000   -491.8827548378   671.0000
   1.46833100   1.60429200   0.96798200   110.72852700   113.05478700   169.00000000   -491.8828300249   672.0000
   1.46833100   1.60429200   0.96798200   110.72852700   113.05478700   170.00000000   -491.8828989569   673.0000
   1.46833100   1.60429200   0.96798200   110.72852700   113.05478700   171.00000000   -491.8829615567   674.0000
   1.46833100   1.60429200   0.96798200   110.72852700   113.05478700   172.00000000   -491.8830177549   675.0000
   1.46833100   1.60429200   0.96798200   110.72852700   113.05478700   173.00000000   -491.8830674890   676.0000
   1.46833100   1.60429200   0.96798200   110.72852700   113.05478700   174.00000000   -491.8831107038   677.0000
   1.46833100   1.60429200   0.96798200   110.72852700   113.05478700   175.00000000   -491.8831473514   678.0000
   1.46833100   1.60429200   0.96798200   110.72852700   113.05478700   176.00000000   -491.8831773912   679.0000
   1.88000000   1.60429200   0.96798200   110.72852700   113.05478700   0.00000000   -491.8008555612   67.0000
   1.46833100   1.60429200   0.96798200   110.72852700   113.05478700   177.00000000   -491.8832007899   680.0000
   1.46833100   1.60429200   0.96798200   110.72852700   113.05478700   178.00000000   -491.8832175218   681.0000
   1.46833100   1.60429200   0.96798200   110.72852700   113.05478700   179.00000000   -491.8832275684   682.0000
   1.46833100   1.60429200   0.96798200   110.72852700   113.05478700   180.00000000   -491.8832309185   683.0000
   1.89000000   1.60429200   0.96798200   110.72852700   113.05478700   0.00000000   -491.7980501493   68.0000
   1.90000000   1.60429200   0.96798200   110.72852700   113.05478700   0.00000000   -491.7952583231   69.0000
   1.27000000   1.60429200   0.96798200   110.72852700   113.05478700   0.00000000   -491.8129985594   6.0000
   1.91000000   1.60429200   0.96798200   110.72852700   113.05478700   0.00000000   -491.7924820464   70.0000
   1.92000000   1.60429200   0.96798200   110.72852700   113.05478700   0.00000000   -491.7897232640   71.0000
   1.93000000   1.60429200   0.96798200   110.72852700   113.05478700   0.00000000   -491.7869839090   72.0000
   1.94000000   1.60429200   0.96798200   110.72852700   113.05478700   0.00000000   -491.7842659088   73.0000
   1.95000000   1.60429200   0.96798200   110.72852700   113.05478700   0.00000000   -491.7815711888   74.0000
   1.96000000   1.60429200   0.96798200   110.72852700   113.05478700   0.00000000   -491.7789016769   75.0000
   1.97000000   1.60429200   0.96798200   110.72852700   113.05478700   0.00000000   -491.7762593064   76.0000
   1.98000000   1.60429200   0.96798200   110.72852700   113.05478700   0.00000000   -491.7736460243   77.0000
   1.99000000   1.60429200   0.96798200   110.72852700   113.05478700   0.00000000   -491.7710636633   78.0000
   2.00000000   1.60429200   0.96798200   110.72852700   113.05478700   0.00000000   -491.7685140806   79.0000
   1.28000000   1.60429200   0.96798200   110.72852700   113.05478700   0.00000000   -491.8216984160   7.0000
   1.46833100   1.30000000   0.96798200   110.72852700   113.05478700   0.00000000   -491.7784616289   80.0000
   1.46833100   1.31000000   0.96798200   110.72852700   113.05478700   0.00000000   -491.7878370602   81.0000
   1.46833100   1.32000000   0.96798200   110.72852700   113.05478700   0.00000000   -491.7965991947   82.0000
   1.46833100   1.33000000   0.96798200   110.72852700   113.05478700   0.00000000   -491.8047800245   83.0000
   1.46833100   1.34000000   0.96798200   110.72852700   113.05478700   0.00000000   -491.8124099221   84.0000
   1.46833100   1.35000000   0.96798200   110.72852700   113.05478700   0.00000000   -491.8195177229   85.0000
   1.46833100   1.36000000   0.96798200   110.72852700   113.05478700   0.00000000   -491.8261308035   86.0000
   1.46833100   1.37000000   0.96798200   110.72852700   113.05478700   0.00000000   -491.8322751556   87.0000
   1.46833100   1.38000000   0.96798200   110.72852700   113.05478700   0.00000000   -491.8379754571   88.0000
   1.46833100   1.39000000   0.96798200   110.72852700   113.05478700   0.00000000   -491.8432551385   89.0000
   1.29000000   1.60429200   0.96798200   110.72852700   113.05478700   0.00000000   -491.8296921184   8.0000
   1.46833100   1.40000000   0.96798200   110.72852700   113.05478700   0.00000000   -491.8481364458   90.0000
   1.46833100   1.41000000   0.96798200   110.72852700   113.05478700   0.00000000   -491.8526405013   91.0000
   1.46833100   1.42000000   0.96798200   110.72852700   113.05478700   0.00000000   -491.8567873597   92.0000
   1.46833100   1.43000000   0.96798200   110.72852700   113.05478700   0.00000000   -491.8605960621   93.0000
   1.46833100   1.44000000   0.96798200   110.72852700   113.05478700   0.00000000   -491.8640846876   94.0000
   1.46833100   1.45000000   0.96798200   110.72852700   113.05478700   0.00000000   -491.8672704009   95.0000
   1.46833100   1.46000000   0.96798200   110.72852700   113.05478700   0.00000000   -491.8701694990   96.0000
   1.46833100   1.47000000   0.96798200   110.72852700   113.05478700   0.00000000   -491.8727974540   97.0000
   1.46833100   1.48000000   0.96798200   110.72852700   113.05478700   0.00000000   -491.8751689550   98.0000
   1.46833100   1.49000000   0.96798200   110.72852700   113.05478700   0.00000000   -491.8772979469   99.0000
   1.30000000   1.60429200   0.96798200   110.72852700   113.05478700   0.00000000   -491.8370176112   9.0000
