1.220000	1.604292	0.967982	110.728527	113.054787	0.000000	-491.7951778778	1
1.230000	1.604292	0.967982	110.728527	113.054787	0.000000	-491.8076468136	2
1.240000	1.604292	0.967982	110.728527	113.054787	0.000000	-491.8192027446	3
1.250000	1.604292	0.967982	110.728527	113.054787	0.000000	-491.8298942008	4
1.260000	1.604292	0.967982	110.728527	113.054787	0.000000	-491.8397672458	5
1.270000	1.604292	0.967982	110.728527	113.054787	0.000000	-491.8488656041	6
1.280000	1.604292	0.967982	110.728527	113.054787	0.000000	-491.8572307807	7
1.290000	1.604292	0.967982	110.728527	113.054787	0.000000	-491.8649021753	8
1.300000	1.604292	0.967982	110.728527	113.054787	0.000000	-491.8719171894	9
1.310000	1.604292	0.967982	110.728527	113.054787	0.000000	-491.8783113301	10
1.320000	1.604292	0.967982	110.728527	113.054787	0.000000	-491.8841183058	11
1.330000	1.604292	0.967982	110.728527	113.054787	0.000000	-491.8893701191	12
1.340000	1.604292	0.967982	110.728527	113.054787	0.000000	-491.8940971540	13
1.350000	1.604292	0.967982	110.728527	113.054787	0.000000	-491.8983282582	14
1.360000	1.604292	0.967982	110.728527	113.054787	0.000000	-491.9020908226	15
1.370000	1.604292	0.967982	110.728527	113.054787	0.000000	-491.9054108545	16
1.380000	1.604292	0.967982	110.728527	113.054787	0.000000	-491.9083130492	17
1.390000	1.604292	0.967982	110.728527	113.054787	0.000000	-491.9108208561	18
1.400000	1.604292	0.967982	110.728527	113.054787	0.000000	-491.9129565422	19
1.410000	1.604292	0.967982	110.728527	113.054787	0.000000	-491.9147412520	20
1.420000	1.604292	0.967982	110.728527	113.054787	0.000000	-491.9161950641	21
1.430000	1.604292	0.967982	110.728527	113.054787	0.000000	-491.9173370449	22
1.440000	1.604292	0.967982	110.728527	113.054787	0.000000	-491.9181852995	23
1.450000	1.604292	0.967982	110.728527	113.054787	0.000000	-491.9187570197	24
1.460000	1.604292	0.967982	110.728527	113.054787	0.000000	-491.9190685293	25
1.470000	1.604292	0.967982	110.728527	113.054787	0.000000	-491.9191353279	26
1.480000	1.604292	0.967982	110.728527	113.054787	0.000000	-491.9189721312	27
1.490000	1.604292	0.967982	110.728527	113.054787	0.000000	-491.9185929103	28
1.500000	1.604292	0.967982	110.728527	113.054787	0.000000	-491.9180109284	29
1.510000	1.604292	0.967982	110.728527	113.054787	0.000000	-491.9172387759	30
1.520000	1.604292	0.967982	110.728527	113.054787	0.000000	-491.9162884040	31
1.530000	1.604292	0.967982	110.728527	113.054787	0.000000	-491.9151711560	32
1.540000	1.604292	0.967982	110.728527	113.054787	0.000000	-491.9138977979	33
1.550000	1.604292	0.967982	110.728527	113.054787	0.000000	-491.9124785469	34
1.560000	1.604292	0.967982	110.728527	113.054787	0.000000	-491.9109230988	35
1.570000	1.604292	0.967982	110.728527	113.054787	0.000000	-491.9092406540	36
1.580000	1.604292	0.967982	110.728527	113.054787	0.000000	-491.9074399422	37
1.590000	1.604292	0.967982	110.728527	113.054787	0.000000	-491.9055292462	38
1.600000	1.604292	0.967982	110.728527	113.054787	0.000000	-491.9035164240	39
1.610000	1.604292	0.967982	110.728527	113.054787	0.000000	-491.9014089304	40
1.620000	1.604292	0.967982	110.728527	113.054787	0.000000	-491.8992138370	41
1.630000	1.604292	0.967982	110.728527	113.054787	0.000000	-491.8969378520	42
1.640000	1.604292	0.967982	110.728527	113.054787	0.000000	-491.8945873381	43
1.650000	1.604292	0.967982	110.728527	113.054787	0.000000	-491.8921683304	44
1.660000	1.604292	0.967982	110.728527	113.054787	0.000000	-491.8896865533	45
1.670000	1.604292	0.967982	110.728527	113.054787	0.000000	-491.8871474359	46
1.680000	1.604292	0.967982	110.728527	113.054787	0.000000	-491.8845561281	47
1.690000	1.604292	0.967982	110.728527	113.054787	0.000000	-491.8819175144	48
1.700000	1.604292	0.967982	110.728527	113.054787	0.000000	-491.8792362285	49
1.710000	1.604292	0.967982	110.728527	113.054787	0.000000	-491.8765166665	50
1.720000	1.604292	0.967982	110.728527	113.054787	0.000000	-491.8737629997	51
1.730000	1.604292	0.967982	110.728527	113.054787	0.000000	-491.8709791870	52
1.740000	1.604292	0.967982	110.728527	113.054787	0.000000	-491.8681689870	53
1.750000	1.604292	0.967982	110.728527	113.054787	0.000000	-491.8653359694	54
1.760000	1.604292	0.967982	110.728527	113.054787	0.000000	-491.8624835261	55
1.770000	1.604292	0.967982	110.728527	113.054787	0.000000	-491.8596148824	56
1.780000	1.604292	0.967982	110.728527	113.054787	0.000000	-491.8567331071	57
1.790000	1.604292	0.967982	110.728527	113.054787	0.000000	-491.8538411233	58
1.800000	1.604292	0.967982	110.728527	113.054787	0.000000	-491.8509417183	59
1.810000	1.604292	0.967982	110.728527	113.054787	0.000000	-491.8480375541	60
1.820000	1.604292	0.967982	110.728527	113.054787	0.000000	-491.8451311771	61
1.830000	1.604292	0.967982	110.728527	113.054787	0.000000	-491.8422250283	62
1.840000	1.604292	0.967982	110.728527	113.054787	0.000000	-491.8393214532	63
1.850000	1.604292	0.967982	110.728527	113.054787	0.000000	-491.8364227130	64
1.860000	1.604292	0.967982	110.728527	113.054787	0.000000	-491.8335309938	65
1.870000	1.604292	0.967982	110.728527	113.054787	0.000000	-491.8306484174	66
1.880000	1.604292	0.967982	110.728527	113.054787	0.000000	-491.8277770524	67
1.890000	1.604292	0.967982	110.728527	113.054787	0.000000	-491.8249189248	68
1.900000	1.604292	0.967982	110.728527	113.054787	0.000000	-491.8220760280	69
1.910000	1.604292	0.967982	110.728527	113.054787	0.000000	-491.8192503338	70
1.920000	1.604292	0.967982	110.728527	113.054787	0.000000	-491.8164438010	71
1.930000	1.604292	0.967982	110.728527	113.054787	0.000000	-491.8136583846	72
1.940000	1.604292	0.967982	110.728527	113.054787	0.000000	-491.8108960416	73
1.950000	1.604292	0.967982	110.728527	113.054787	0.000000	-491.8081587346	74
1.960000	1.604292	0.967982	110.728527	113.054787	0.000000	-491.8054484335	75
1.970000	1.604292	0.967982	110.728527	113.054787	0.000000	-491.8027671116	76
1.980000	1.604292	0.967982	110.728527	113.054787	0.000000	-491.8001167376	77
1.990000	1.604292	0.967982	110.728527	113.054787	0.000000	-491.7974992628	78
2.000000	1.604292	0.967982	110.728527	113.054787	0.000000	-491.7949166039	79
1.468331	1.300000	0.967982	110.728527	113.054787	0.000000	-491.8147500085	80
1.468331	1.310000	0.967982	110.728527	113.054787	0.000000	-491.8238436925	81
1.468331	1.320000	0.967982	110.728527	113.054787	0.000000	-491.8323349082	82
1.468331	1.330000	0.967982	110.728527	113.054787	0.000000	-491.8402551660	83
1.468331	1.340000	0.967982	110.728527	113.054787	0.000000	-491.8476343770	84
1.468331	1.350000	0.967982	110.728527	113.054787	0.000000	-491.8545009353	85
1.468331	1.360000	0.967982	110.728527	113.054787	0.000000	-491.8608817958	86
1.468331	1.370000	0.967982	110.728527	113.054787	0.000000	-491.8668025478	87
1.468331	1.380000	0.967982	110.728527	113.054787	0.000000	-491.8722874858	88
1.468331	1.390000	0.967982	110.728527	113.054787	0.000000	-491.8773596750	89
1.468331	1.400000	0.967982	110.728527	113.054787	0.000000	-491.8820410142	90
1.468331	1.410000	0.967982	110.728527	113.054787	0.000000	-491.8863522952	91
1.468331	1.420000	0.967982	110.728527	113.054787	0.000000	-491.8903132590	92
1.468331	1.430000	0.967982	110.728527	113.054787	0.000000	-491.8939426490	93
1.468331	1.440000	0.967982	110.728527	113.054787	0.000000	-491.8972582607	94
1.468331	1.450000	0.967982	110.728527	113.054787	0.000000	-491.9002769902	95
1.468331	1.460000	0.967982	110.728527	113.054787	0.000000	-491.9030148785	96
1.468331	1.470000	0.967982	110.728527	113.054787	0.000000	-491.9054871543	97
1.468331	1.480000	0.967982	110.728527	113.054787	0.000000	-491.9077082751	98
1.468331	1.490000	0.967982	110.728527	113.054787	0.000000	-491.9096919646	99
1.468331	1.500000	0.967982	110.728527	113.054787	0.000000	-491.9114512498	100
1.468331	1.510000	0.967982	110.728527	113.054787	0.000000	-491.9129984954	101
1.468331	1.520000	0.967982	110.728527	113.054787	0.000000	-491.9143454365	102
1.468331	1.530000	0.967982	110.728527	113.054787	0.000000	-491.9155032101	103
1.468331	1.540000	0.967982	110.728527	113.054787	0.000000	-491.9164823848	104
1.468331	1.550000	0.967982	110.728527	113.054787	0.000000	-491.9172929886	105
1.468331	1.560000	0.967982	110.728527	113.054787	0.000000	-491.9179445362	106
1.468331	1.570000	0.967982	110.728527	113.054787	0.000000	-491.9184460546	107
1.468331	1.580000	0.967982	110.728527	113.054787	0.000000	-491.9188061069	108
1.468331	1.590000	0.967982	110.728527	113.054787	0.000000	-491.9190328156	109
1.468331	1.600000	0.967982	110.728527	113.054787	0.000000	-491.9191338849	110
1.468331	1.610000	0.967982	110.728527	113.054787	0.000000	-491.9191166209	111
1.468331	1.620000	0.967982	110.728527	113.054787	0.000000	-491.9189879519	112
1.468331	1.630000	0.967982	110.728527	113.054787	0.000000	-491.9187544470	113
1.468331	1.640000	0.967982	110.728527	113.054787	0.000000	-491.9184223344	114
1.468331	1.650000	0.967982	110.728527	113.054787	0.000000	-491.9179975178	115
1.468331	1.660000	0.967982	110.728527	113.054787	0.000000	-491.9174855933	116
1.468331	1.670000	0.967982	110.728527	113.054787	0.000000	-491.9168918644	117
1.468331	1.680000	0.967982	110.728527	113.054787	0.000000	-491.9162213567	118
1.468331	1.690000	0.967982	110.728527	113.054787	0.000000	-491.9154788322	119
1.468331	1.700000	0.967982	110.728527	113.054787	0.000000	-491.9146688022	120
1.468331	1.710000	0.967982	110.728527	113.054787	0.000000	-491.9137955401	121
1.468331	1.720000	0.967982	110.728527	113.054787	0.000000	-491.9128630937	122
1.468331	1.730000	0.967982	110.728527	113.054787	0.000000	-491.9118752963	123
1.468331	1.740000	0.967982	110.728527	113.054787	0.000000	-491.9108357778	124
1.468331	1.750000	0.967982	110.728527	113.054787	0.000000	-491.9097479751	125
1.468331	1.760000	0.967982	110.728527	113.054787	0.000000	-491.9086151419	126
1.468331	1.770000	0.967982	110.728527	113.054787	0.000000	-491.9074403583	127
1.468331	1.780000	0.967982	110.728527	113.054787	0.000000	-491.9062265396	128
1.468331	1.790000	0.967982	110.728527	113.054787	0.000000	-491.9049764450	129
1.468331	1.800000	0.967982	110.728527	113.054787	0.000000	-491.9036926854	130
1.468331	1.810000	0.967982	110.728527	113.054787	0.000000	-491.9023777314	131
1.468331	1.820000	0.967982	110.728527	113.054787	0.000000	-491.9010339206	132
1.468331	1.830000	0.967982	110.728527	113.054787	0.000000	-491.8996634644	133
1.468331	1.840000	0.967982	110.728527	113.054787	0.000000	-491.8982684549	134
1.468331	1.850000	0.967982	110.728527	113.054787	0.000000	-491.8968508708	135
1.468331	1.860000	0.967982	110.728527	113.054787	0.000000	-491.8954125838	136
1.468331	1.870000	0.967982	110.728527	113.054787	0.000000	-491.8939553642	137
1.468331	1.880000	0.967982	110.728527	113.054787	0.000000	-491.8924808859	138
1.468331	1.890000	0.967982	110.728527	113.054787	0.000000	-491.8909907322	139
1.468331	1.900000	0.967982	110.728527	113.054787	0.000000	-491.8894863998	140
1.468331	1.910000	0.967982	110.728527	113.054787	0.000000	-491.8879693044	141
1.468331	1.920000	0.967982	110.728527	113.054787	0.000000	-491.8864407844	142
1.468331	1.930000	0.967982	110.728527	113.054787	0.000000	-491.8849021052	143
1.468331	1.940000	0.967982	110.728527	113.054787	0.000000	-491.8833544633	144
1.468331	1.950000	0.967982	110.728527	113.054787	0.000000	-491.8817989900	145
1.468331	1.960000	0.967982	110.728527	113.054787	0.000000	-491.8802367549	146
1.468331	1.970000	0.967982	110.728527	113.054787	0.000000	-491.8786687689	147
1.468331	1.980000	0.967982	110.728527	113.054787	0.000000	-491.8770959885	148
1.468331	1.990000	0.967982	110.728527	113.054787	0.000000	-491.8755193174	149
1.468331	2.000000	0.967982	110.728527	113.054787	0.000000	-491.8739396105	150
1.468331	2.010000	0.967982	110.728527	113.054787	0.000000	-491.8723576761	151
1.468331	2.020000	0.967982	110.728527	113.054787	0.000000	-491.8707742785	152
1.468331	2.030000	0.967982	110.728527	113.054787	0.000000	-491.8691901407	153
1.468331	2.040000	0.967982	110.728527	113.054787	0.000000	-491.8676059465	154
1.468331	2.050000	0.967982	110.728527	113.054787	0.000000	-491.8660223425	155
1.468331	2.060000	0.967982	110.728527	113.054787	0.000000	-491.8644399408	156
1.468331	2.070000	0.967982	110.728527	113.054787	0.000000	-491.8628593204	157
1.468331	2.080000	0.967982	110.728527	113.054787	0.000000	-491.8612810291	158
1.468331	2.090000	0.967982	110.728527	113.054787	0.000000	-491.8597055858	159
1.468331	2.100000	0.967982	110.728527	113.054787	0.000000	-491.8581334815	160
1.468331	2.110000	0.967982	110.728527	113.054787	0.000000	-491.8565651810	161
1.468331	2.120000	0.967982	110.728527	113.054787	0.000000	-491.8550011250	162
1.468331	2.130000	0.967982	110.728527	113.054787	0.000000	-491.8534417305	163
1.468331	2.140000	0.967982	110.728527	113.054787	0.000000	-491.8518873930	164
1.468331	2.150000	0.967982	110.728527	113.054787	0.000000	-491.8503384873	165
1.468331	2.160000	0.967982	110.728527	113.054787	0.000000	-491.8487953688	166
1.468331	2.170000	0.967982	110.728527	113.054787	0.000000	-491.8472583746	167
1.468331	2.180000	0.967982	110.728527	113.054787	0.000000	-491.8457278246	168
1.468331	2.190000	0.967982	110.728527	113.054787	0.000000	-491.8442040223	169
1.468331	2.200000	0.967982	110.728527	113.054787	0.000000	-491.8426872561	170
1.468331	2.210000	0.967982	110.728527	113.054787	0.000000	-491.8411777997	171
1.468331	2.220000	0.967982	110.728527	113.054787	0.000000	-491.8396759135	172
1.468331	2.230000	0.967982	110.728527	113.054787	0.000000	-491.8381818449	173
1.468331	2.240000	0.967982	110.728527	113.054787	0.000000	-491.8366958293	174
1.468331	2.250000	0.967982	110.728527	113.054787	0.000000	-491.8352180908	175
1.468331	2.260000	0.967982	110.728527	113.054787	0.000000	-491.8337488428	176
1.468331	2.270000	0.967982	110.728527	113.054787	0.000000	-491.8322882885	177
1.468331	2.280000	0.967982	110.728527	113.054787	0.000000	-491.8308366218	178
1.468331	2.290000	0.967982	110.728527	113.054787	0.000000	-491.8293940279	179
1.468331	2.300000	0.967982	110.728527	113.054787	0.000000	-491.8279606832	180
1.468331	2.310000	0.967982	110.728527	113.054787	0.000000	-491.8265367567	181
1.468331	2.320000	0.967982	110.728527	113.054787	0.000000	-491.8251224097	182
1.468331	2.330000	0.967982	110.728527	113.054787	0.000000	-491.8237177971	183
1.468331	2.340000	0.967982	110.728527	113.054787	0.000000	-491.8223230667	184
1.468331	2.350000	0.967982	110.728527	113.054787	0.000000	-491.8209383609	185
1.468331	2.360000	0.967982	110.728527	113.054787	0.000000	-491.8195638162	186
1.468331	2.370000	0.967982	110.728527	113.054787	0.000000	-491.8181995636	187
1.468331	2.380000	0.967982	110.728527	113.054787	0.000000	-491.8168457297	188
1.468331	2.390000	0.967982	110.728527	113.054787	0.000000	-491.8155024362	189
1.468331	2.400000	0.967982	110.728527	113.054787	0.000000	-491.8141698008	190
1.468331	1.604292	0.700000	110.728527	113.054787	0.000000	-491.7883221950	191
1.468331	1.604292	0.710000	110.728527	113.054787	0.000000	-491.8014149298	192
1.468331	1.604292	0.720000	110.728527	113.054787	0.000000	-491.8134853385	193
1.468331	1.604292	0.730000	110.728527	113.054787	0.000000	-491.8245999831	194
1.468331	1.604292	0.740000	110.728527	113.054787	0.000000	-491.8348209168	195
1.468331	1.604292	0.750000	110.728527	113.054787	0.000000	-491.8442060176	196
1.468331	1.604292	0.760000	110.728527	113.054787	0.000000	-491.8528092935	197
1.468331	1.604292	0.770000	110.728527	113.054787	0.000000	-491.8606811640	198
1.468331	1.604292	0.780000	110.728527	113.054787	0.000000	-491.8678687183	199
1.468331	1.604292	0.790000	110.728527	113.054787	0.000000	-491.8744159533	200
1.468331	1.604292	0.800000	110.728527	113.054787	0.000000	-491.8803639928	201
1.468331	1.604292	0.810000	110.728527	113.054787	0.000000	-491.8857512895	202
1.468331	1.604292	0.820000	110.728527	113.054787	0.000000	-491.8906138123	203
1.468331	1.604292	0.830000	110.728527	113.054787	0.000000	-491.8949852184	204
1.468331	1.604292	0.840000	110.728527	113.054787	0.000000	-491.8988970126	205
1.468331	1.604292	0.850000	110.728527	113.054787	0.000000	-491.9023786953	206
1.468331	1.604292	0.860000	110.728527	113.054787	0.000000	-491.9054578985	207
1.468331	1.604292	0.870000	110.728527	113.054787	0.000000	-491.9081605132	208
1.468331	1.604292	0.880000	110.728527	113.054787	0.000000	-491.9105108053	209
1.468331	1.604292	0.890000	110.728527	113.054787	0.000000	-491.9125315257	210
1.468331	1.604292	0.900000	110.728527	113.054787	0.000000	-491.9142440101	211
1.468331	1.604292	0.910000	110.728527	113.054787	0.000000	-491.9156682726	212
1.468331	1.604292	0.920000	110.728527	113.054787	0.000000	-491.9168230934	213
1.468331	1.604292	0.930000	110.728527	113.054787	0.000000	-491.9177260986	214
1.468331	1.604292	0.940000	110.728527	113.054787	0.000000	-491.9183938353	215
1.468331	1.604292	0.950000	110.728527	113.054787	0.000000	-491.9188418418	216
1.468331	1.604292	0.960000	110.728527	113.054787	0.000000	-491.9190847118	217
1.468331	1.604292	0.970000	110.728527	113.054787	0.000000	-491.9191361550	218
1.468331	1.604292	0.980000	110.728527	113.054787	0.000000	-491.9190090532	219
1.468331	1.604292	0.990000	110.728527	113.054787	0.000000	-491.9187155126	220
1.468331	1.604292	1.000000	110.728527	113.054787	0.000000	-491.9182669125	221
1.468331	1.604292	1.010000	110.728527	113.054787	0.000000	-491.9176739508	222
1.468331	1.604292	1.020000	110.728527	113.054787	0.000000	-491.9169466865	223
1.468331	1.604292	1.030000	110.728527	113.054787	0.000000	-491.9160945793	224
1.468331	1.604292	1.040000	110.728527	113.054787	0.000000	-491.9151265265	225
1.468331	1.604292	1.050000	110.728527	113.054787	0.000000	-491.9140508976	226
1.468331	1.604292	1.060000	110.728527	113.054787	0.000000	-491.9128755666	227
1.468331	1.604292	1.070000	110.728527	113.054787	0.000000	-491.9116079423	228
1.468331	1.604292	1.080000	110.728527	113.054787	0.000000	-491.9102549964	229
1.468331	1.604292	1.090000	110.728527	113.054787	0.000000	-491.9088232902	230
1.468331	1.604292	1.100000	110.728527	113.054787	0.000000	-491.9073189987	231
1.468331	1.604292	1.110000	110.728527	113.054787	0.000000	-491.9057479348	232
1.468331	1.604292	1.120000	110.728527	113.054787	0.000000	-491.9041155701	233
1.468331	1.604292	1.130000	110.728527	113.054787	0.000000	-491.9024270556	234
1.468331	1.604292	1.140000	110.728527	113.054787	0.000000	-491.9006872409	235
1.468331	1.604292	1.150000	110.728527	113.054787	0.000000	-491.8989006920	236
1.468331	1.604292	1.160000	110.728527	113.054787	0.000000	-491.8970717079	237
1.468331	1.604292	1.170000	110.728527	113.054787	0.000000	-491.8952043368	238
1.468331	1.604292	1.180000	110.728527	113.054787	0.000000	-491.8933023901	239
1.468331	1.604292	1.190000	110.728527	113.054787	0.000000	-491.8913694572	240
1.468331	1.604292	1.200000	110.728527	113.054787	0.000000	-491.8894089177	241
1.468331	1.604292	1.210000	110.728527	113.054787	0.000000	-491.8874239540	242
1.468331	1.604292	1.220000	110.728527	113.054787	0.000000	-491.8854175627	243
1.468331	1.604292	1.230000	110.728527	113.054787	0.000000	-491.8833925652	244
1.468331	1.604292	1.240000	110.728527	113.054787	0.000000	-491.8813516179	245
1.468331	1.604292	1.250000	110.728527	113.054787	0.000000	-491.8792972218	246
1.468331	1.604292	1.260000	110.728527	113.054787	0.000000	-491.8772317312	247
1.468331	1.604292	1.270000	110.728527	113.054787	0.000000	-491.8751573623	248
1.468331	1.604292	1.280000	110.728527	113.054787	0.000000	-491.8730762008	249
1.468331	1.604292	1.290000	110.728527	113.054787	0.000000	-491.8709902096	250
1.468331	1.604292	1.300000	110.728527	113.054787	0.000000	-491.8689012357	251
1.468331	1.604292	1.310000	110.728527	113.054787	0.000000	-491.8668110168	252
1.468331	1.604292	1.320000	110.728527	113.054787	0.000000	-491.8647211874	253
1.468331	1.604292	1.330000	110.728527	113.054787	0.000000	-491.8626332847	254
1.468331	1.604292	1.340000	110.728527	113.054787	0.000000	-491.8605487541	255
1.468331	1.604292	1.350000	110.728527	113.054787	0.000000	-491.8584689546	256
1.468331	1.604292	1.360000	110.728527	113.054787	0.000000	-491.8563951631	257
1.468331	1.604292	1.370000	110.728527	113.054787	0.000000	-491.8543285797	258
1.468331	1.604292	1.380000	110.728527	113.054787	0.000000	-491.8522703315	259
1.468331	1.604292	1.390000	110.728527	113.054787	0.000000	-491.8502214771	260
1.468331	1.604292	1.400000	110.728527	113.054787	0.000000	-491.8481830098	261
1.468331	1.604292	1.410000	110.728527	113.054787	0.000000	-491.8461558621	262
1.468331	1.604292	1.420000	110.728527	113.054787	0.000000	-491.8441409081	263
1.468331	1.604292	1.430000	110.728527	113.054787	0.000000	-491.8421389677	264
1.468331	1.604292	1.440000	110.728527	113.054787	0.000000	-491.8401508088	265
1.468331	1.604292	1.450000	110.728527	113.054787	0.000000	-491.8381771507	266
1.468331	1.604292	1.460000	110.728527	113.054787	0.000000	-491.8362186665	267
1.468331	1.604292	1.470000	110.728527	113.054787	0.000000	-491.8342759855	268
1.468331	1.604292	1.480000	110.728527	113.054787	0.000000	-491.8323496961	269
1.468331	1.604292	1.490000	110.728527	113.054787	0.000000	-491.8304403474	270
1.468331	1.604292	1.500000	110.728527	113.054787	0.000000	-491.8285484518	271
1.468331	1.604292	0.967982	75.000000	113.054787	0.000000	-491.8014207934	272
1.468331	1.604292	0.967982	76.000000	113.054787	0.000000	-491.8107396323	273
1.468331	1.604292	0.967982	77.000000	113.054787	0.000000	-491.8194216805	274
1.468331	1.604292	0.967982	78.000000	113.054787	0.000000	-491.8275104947	275
1.468331	1.604292	0.967982	79.000000	113.054787	0.000000	-491.8350465852	276
1.468331	1.604292	0.967982	80.000000	113.054787	0.000000	-491.8420675220	277
1.468331	1.604292	0.967982	81.000000	113.054787	0.000000	-491.8486080717	278
1.468331	1.604292	0.967982	82.000000	113.054787	0.000000	-491.8547003540	279
1.468331	1.604292	0.967982	83.000000	113.054787	0.000000	-491.8603740063	280
1.468331	1.604292	0.967982	84.000000	113.054787	0.000000	-491.8656563497	281
1.468331	1.604292	0.967982	85.000000	113.054787	0.000000	-491.8705725530	282
1.468331	1.604292	0.967982	86.000000	113.054787	0.000000	-491.8751457912	283
1.468331	1.604292	0.967982	87.000000	113.054787	0.000000	-491.8793973974	284
1.468331	1.604292	0.967982	88.000000	113.054787	0.000000	-491.8833470055	285
1.468331	1.604292	0.967982	89.000000	113.054787	0.000000	-491.8870126858	286
1.468331	1.604292	0.967982	90.000000	113.054787	0.000000	-491.8904110706	287
1.468331	1.604292	0.967982	91.000000	113.054787	0.000000	-491.8935574711	288
1.468331	1.604292	0.967982	92.000000	113.054787	0.000000	-491.8964659871	289
1.468331	1.604292	0.967982	93.000000	113.054787	0.000000	-491.8991496067	290
1.468331	1.604292	0.967982	94.000000	113.054787	0.000000	-491.9016203000	291
1.468331	1.604292	0.967982	95.000000	113.054787	0.000000	-491.9038891045	292
1.468331	1.604292	0.967982	96.000000	113.054787	0.000000	-491.9059662045	293
1.468331	1.604292	0.967982	97.000000	113.054787	0.000000	-491.9078610032	294
1.468331	1.604292	0.967982	98.000000	113.054787	0.000000	-491.9095821903	295
1.468331	1.604292	0.967982	99.000000	113.054787	0.000000	-491.9111378031	296
1.468331	1.604292	0.967982	100.000000	113.054787	0.000000	-491.9125352822	297
1.468331	1.604292	0.967982	101.000000	113.054787	0.000000	-491.9137815238	298
1.468331	1.604292	0.967982	102.000000	113.054787	0.000000	-491.9148829261	299
1.468331	1.604292	0.967982	103.000000	113.054787	0.000000	-491.9158454326	300
1.468331	1.604292	0.967982	104.000000	113.054787	0.000000	-491.9166745713	301
1.468331	1.604292	0.967982	105.000000	113.054787	0.000000	-491.9173754907	302
1.468331	1.604292	0.967982	106.000000	113.054787	0.000000	-491.9179529922	303
1.468331	1.604292	0.967982	107.000000	113.054787	0.000000	-491.9184115599	304
1.468331	1.604292	0.967982	108.000000	113.054787	0.000000	-491.9187553880	305
1.468331	1.604292	0.967982	109.000000	113.054787	0.000000	-491.9189884054	306
1.468331	1.604292	0.967982	110.000000	113.054787	0.000000	-491.9191142985	307
1.468331	1.604292	0.967982	111.000000	113.054787	0.000000	-491.9191365320	308
1.468331	1.604292	0.967982	112.000000	113.054787	0.000000	-491.9190583677	309
1.468331	1.604292	0.967982	113.000000	113.054787	0.000000	-491.9188828828	310
1.468331	1.604292	0.967982	114.000000	113.054787	0.000000	-491.9186129858	311
1.468331	1.604292	0.967982	115.000000	113.054787	0.000000	-491.9182514319	312
1.468331	1.604292	0.967982	116.000000	113.054787	0.000000	-491.9178008372	313
1.468331	1.604292	0.967982	117.000000	113.054787	0.000000	-491.9172636924	314
1.468331	1.604292	0.967982	118.000000	113.054787	0.000000	-491.9166423749	315
1.468331	1.604292	0.967982	119.000000	113.054787	0.000000	-491.9159391611	316
1.468331	1.604292	0.967982	120.000000	113.054787	0.000000	-491.9151562371	317
1.468331	1.604292	0.967982	121.000000	113.054787	0.000000	-491.9142957101	318
1.468331	1.604292	0.967982	122.000000	113.054787	0.000000	-491.9133596174	319
1.468331	1.604292	0.967982	123.000000	113.054787	0.000000	-491.9123499367	320
1.468331	1.604292	0.967982	124.000000	113.054787	0.000000	-491.9112685949	321
1.468331	1.604292	0.967982	125.000000	113.054787	0.000000	-491.9101174769	322
1.468331	1.604292	0.967982	126.000000	113.054787	0.000000	-491.9088984338	323
1.468331	1.604292	0.967982	127.000000	113.054787	0.000000	-491.9076132911	324
1.468331	1.604292	0.967982	128.000000	113.054787	0.000000	-491.9062638565	325
1.468331	1.604292	0.967982	129.000000	113.054787	0.000000	-491.9048519277	326
1.468331	1.604292	0.967982	130.000000	113.054787	0.000000	-491.9033792999	327
1.468331	1.604292	0.967982	131.000000	113.054787	0.000000	-491.9018477733	328
1.468331	1.604292	0.967982	132.000000	113.054787	0.000000	-491.9002591605	329
1.468331	1.604292	0.967982	133.000000	113.054787	0.000000	-491.8986152945	330
1.468331	1.604292	0.967982	134.000000	113.054787	0.000000	-491.8969180355	331
1.468331	1.604292	0.967982	135.000000	113.054787	0.000000	-491.8951692795	332
1.468331	1.604292	0.967982	136.000000	113.054787	0.000000	-491.8933709655	333
1.468331	1.604292	0.967982	137.000000	113.054787	0.000000	-491.8915250843	334
1.468331	1.604292	0.967982	138.000000	113.054787	0.000000	-491.8896336866	335
1.468331	1.604292	0.967982	139.000000	113.054787	0.000000	-491.8876988917	336
1.468331	1.604292	0.967982	140.000000	113.054787	0.000000	-491.8857228970	337
1.468331	1.604292	0.967982	141.000000	113.054787	0.000000	-491.8837079871	338
1.468331	1.604292	0.967982	142.000000	113.054787	0.000000	-491.8816565441	339
1.468331	1.604292	0.967982	143.000000	113.054787	0.000000	-491.8795710578	340
1.468331	1.604292	0.967982	144.000000	113.054787	0.000000	-491.8774541362	341
1.468331	1.604292	0.967982	145.000000	113.054787	0.000000	-491.8753085175	342
1.468331	1.604292	0.967982	146.000000	113.054787	0.000000	-491.8731370803	343
1.468331	1.604292	0.967982	147.000000	113.054787	0.000000	-491.8709428565	344
1.468331	1.604292	0.967982	148.000000	113.054787	0.000000	-491.8687290422	345
1.468331	1.604292	0.967982	149.000000	113.054787	0.000000	-491.8664990095	346
1.468331	1.604292	0.967982	150.000000	113.054787	0.000000	-491.8642563181	347
1.468331	1.604292	0.967982	151.000000	113.054787	0.000000	-491.8620047256	348
1.468331	1.604292	0.967982	152.000000	113.054787	0.000000	-491.8597481970	349
1.468331	1.604292	0.967982	153.000000	113.054787	0.000000	-491.8574909129	350
1.468331	1.604292	0.967982	154.000000	113.054787	0.000000	-491.8552372755	351
1.468331	1.604292	0.967982	155.000000	113.054787	0.000000	-491.8529919119	352
1.468331	1.604292	0.967982	156.000000	113.054787	0.000000	-491.8507596740	353
1.468331	1.604292	0.967982	157.000000	113.054787	0.000000	-491.8485456347	354
1.468331	1.604292	0.967982	158.000000	113.054787	0.000000	-491.8463550792	355
1.468331	1.604292	0.967982	159.000000	113.054787	0.000000	-491.8441934894	356
1.468331	1.604292	0.967982	160.000000	113.054787	0.000000	-491.8420665241	357
1.468331	1.604292	0.967982	161.000000	113.054787	0.000000	-491.8399799908	358
1.468331	1.604292	0.967982	162.000000	113.054787	0.000000	-491.8379398105	359
1.468331	1.604292	0.967982	163.000000	113.054787	0.000000	-491.8359519758	360
1.468331	1.604292	0.967982	164.000000	113.054787	0.000000	-491.8340225016	361
1.468331	1.604292	0.967982	165.000000	113.054787	0.000000	-491.8321573707	362
1.468331	1.604292	0.967982	166.000000	113.054787	0.000000	-491.8303624743	363
1.468331	1.604292	0.967982	167.000000	113.054787	0.000000	-491.8286435508	364
1.468331	1.604292	0.967982	168.000000	113.054787	0.000000	-491.8270061250	365
1.468331	1.604292	0.967982	169.000000	113.054787	0.000000	-491.8254554498	366
1.468331	1.604292	0.967982	170.000000	113.054787	0.000000	-491.8239964553	367
1.468331	1.604292	0.967982	171.000000	113.054787	0.000000	-491.8226337061	368
1.468331	1.604292	0.967982	172.000000	113.054787	0.000000	-491.8213713707	369
1.468331	1.604292	0.967982	173.000000	113.054787	0.000000	-491.8202132046	370
1.468331	1.604292	0.967982	174.000000	113.054787	0.000000	-491.8191625467	371
1.468331	1.604292	0.967982	175.000000	113.054787	0.000000	-491.8182223299	372
1.468331	1.604292	0.967982	176.000000	113.054787	0.000000	-491.8173951039	373
1.468331	1.604292	0.967982	177.000000	113.054787	0.000000	-491.8166830667	374
1.468331	1.604292	0.967982	178.000000	113.054787	0.000000	-491.8160881026	375
1.468331	1.604292	0.967982	179.000000	113.054787	0.000000	-491.8156118211	376
1.468331	1.604292	0.967982	110.728527	55.000000	0.000000	-491.8129671019	377
1.468331	1.604292	0.967982	110.728527	56.000000	0.000000	-491.8188672006	378
1.468331	1.604292	0.967982	110.728527	57.000000	0.000000	-491.8244386398	379
1.468331	1.604292	0.967982	110.728527	58.000000	0.000000	-491.8297027173	380
1.468331	1.604292	0.967982	110.728527	59.000000	0.000000	-491.8346792881	381
1.468331	1.604292	0.967982	110.728527	60.000000	0.000000	-491.8393868371	382
1.468331	1.604292	0.967982	110.728527	61.000000	0.000000	-491.8438425531	383
1.468331	1.604292	0.967982	110.728527	62.000000	0.000000	-491.8480624018	384
1.468331	1.604292	0.967982	110.728527	63.000000	0.000000	-491.8520611976	385
1.468331	1.604292	0.967982	110.728527	64.000000	0.000000	-491.8558526743	386
1.468331	1.604292	0.967982	110.728527	65.000000	0.000000	-491.8594495532	387
1.468331	1.604292	0.967982	110.728527	66.000000	0.000000	-491.8628636101	388
1.468331	1.604292	0.967982	110.728527	67.000000	0.000000	-491.8661057389	389
1.468331	1.604292	0.967982	110.728527	68.000000	0.000000	-491.8691860133	390
1.468331	1.604292	0.967982	110.728527	69.000000	0.000000	-491.8721137450	391
1.468331	1.604292	0.967982	110.728527	70.000000	0.000000	-491.8748975400	392
1.468331	1.604292	0.967982	110.728527	71.000000	0.000000	-491.8775453500	393
1.468331	1.604292	0.967982	110.728527	72.000000	0.000000	-491.8800645228	394
1.468331	1.604292	0.967982	110.728527	73.000000	0.000000	-491.8824618479	395
1.468331	1.604292	0.967982	110.728527	74.000000	0.000000	-491.8847435998	396
1.468331	1.604292	0.967982	110.728527	75.000000	0.000000	-491.8869155789	397
1.468331	1.604292	0.967982	110.728527	76.000000	0.000000	-491.8889831491	398
1.468331	1.604292	0.967982	110.728527	77.000000	0.000000	-491.8909512732	399
1.468331	1.604292	0.967982	110.728527	78.000000	0.000000	-491.8928245458	400
1.468331	1.604292	0.967982	110.728527	79.000000	0.000000	-491.8946072244	401
1.468331	1.604292	0.967982	110.728527	80.000000	0.000000	-491.8963032574	402
1.468331	1.604292	0.967982	110.728527	81.000000	0.000000	-491.8979163112	403
1.468331	1.604292	0.967982	110.728527	82.000000	0.000000	-491.8994497937	404
1.468331	1.604292	0.967982	110.728527	83.000000	0.000000	-491.9009068772	405
1.468331	1.604292	0.967982	110.728527	84.000000	0.000000	-491.9022905187	406
1.468331	1.604292	0.967982	110.728527	85.000000	0.000000	-491.9036034784	407
1.468331	1.604292	0.967982	110.728527	86.000000	0.000000	-491.9048483366	408
1.468331	1.604292	0.967982	110.728527	87.000000	0.000000	-491.9060275098	409
1.468331	1.604292	0.967982	110.728527	88.000000	0.000000	-491.9071432641	410
1.468331	1.604292	0.967982	110.728527	89.000000	0.000000	-491.9081977293	411
1.468331	1.604292	0.967982	110.728527	90.000000	0.000000	-491.9091929099	412
1.468331	1.604292	0.967982	110.728527	91.000000	0.000000	-491.9101306972	413
1.468331	1.604292	0.967982	110.728527	92.000000	0.000000	-491.9110128785	414
1.468331	1.604292	0.967982	110.728527	93.000000	0.000000	-491.9118411474	415
1.468331	1.604292	0.967982	110.728527	94.000000	0.000000	-491.9126171115	416
1.468331	1.604292	0.967982	110.728527	95.000000	0.000000	-491.9133423007	417
1.468331	1.604292	0.967982	110.728527	96.000000	0.000000	-491.9140181742	418
1.468331	1.604292	0.967982	110.728527	97.000000	0.000000	-491.9146461267	419
1.468331	1.604292	0.967982	110.728527	98.000000	0.000000	-491.9152274947	420
1.468331	1.604292	0.967982	110.728527	99.000000	0.000000	-491.9157635618	421
1.468331	1.604292	0.967982	110.728527	100.000000	0.000000	-491.9162555633	422
1.468331	1.604292	0.967982	110.728527	101.000000	0.000000	-491.9167046912	423
1.468331	1.604292	0.967982	110.728527	102.000000	0.000000	-491.9171120980	424
1.468331	1.604292	0.967982	110.728527	103.000000	0.000000	-491.9174789007	425
1.468331	1.604292	0.967982	110.728527	104.000000	0.000000	-491.9178061847	426
1.468331	1.604292	0.967982	110.728527	105.000000	0.000000	-491.9180950064	427
1.468331	1.604292	0.967982	110.728527	106.000000	0.000000	-491.9183463972	428
1.468331	1.604292	0.967982	110.728527	107.000000	0.000000	-491.9185613655	429
1.468331	1.604292	0.967982	110.728527	108.000000	0.000000	-491.9187408995	430
1.468331	1.604292	0.967982	110.728527	109.000000	0.000000	-491.9188859700	431
1.468331	1.604292	0.967982	110.728527	110.000000	0.000000	-491.9189975317	432
1.468331	1.604292	0.967982	110.728527	111.000000	0.000000	-491.9190765257	433
1.468331	1.604292	0.967982	110.728527	112.000000	0.000000	-491.9191238810	434
1.468331	1.604292	0.967982	110.728527	113.000000	0.000000	-491.9191405158	435
1.468331	1.604292	0.967982	110.728527	114.000000	0.000000	-491.9191273392	436
1.468331	1.604292	0.967982	110.728527	115.000000	0.000000	-491.9190852525	437
1.468331	1.604292	0.967982	110.728527	116.000000	0.000000	-491.9190151501	438
1.468331	1.604292	0.967982	110.728527	117.000000	0.000000	-491.9189179208	439
1.468331	1.604292	0.967982	110.728527	118.000000	0.000000	-491.9187944489	440
1.468331	1.604292	0.967982	110.728527	119.000000	0.000000	-491.9186456149	441
1.468331	1.604292	0.967982	110.728527	120.000000	0.000000	-491.9184722968	442
1.468331	1.604292	0.967982	110.728527	121.000000	0.000000	-491.9182753701	443
1.468331	1.604292	0.967982	110.728527	122.000000	0.000000	-491.9180557095	444
1.468331	1.604292	0.967982	110.728527	123.000000	0.000000	-491.9178141887	445
1.468331	1.604292	0.967982	110.728527	124.000000	0.000000	-491.9175516813	446
1.468331	1.604292	0.967982	110.728527	125.000000	0.000000	-491.9172690614	447
1.468331	1.604292	0.967982	110.728527	126.000000	0.000000	-491.9169672036	448
1.468331	1.604292	0.967982	110.728527	127.000000	0.000000	-491.9166469838	449
1.468331	1.604292	0.967982	110.728527	128.000000	0.000000	-491.9163092793	450
1.468331	1.604292	0.967982	110.728527	129.000000	0.000000	-491.9159549690	451
1.468331	1.604292	0.967982	110.728527	130.000000	0.000000	-491.9155849335	452
1.468331	1.604292	0.967982	110.728527	131.000000	0.000000	-491.9152000553	453
1.468331	1.604292	0.967982	110.728527	132.000000	0.000000	-491.9148012187	454
1.468331	1.604292	0.967982	110.728527	133.000000	0.000000	-491.9143893101	455
1.468331	1.604292	0.967982	110.728527	134.000000	0.000000	-491.9139652173	456
1.468331	1.604292	0.967982	110.728527	135.000000	0.000000	-491.9135298299	457
1.468331	1.604292	0.967982	110.728527	136.000000	0.000000	-491.9130840387	458
1.468331	1.604292	0.967982	110.728527	137.000000	0.000000	-491.9126287356	459
1.468331	1.604292	0.967982	110.728527	138.000000	0.000000	-491.9121648134	460
1.468331	1.604292	0.967982	110.728527	139.000000	0.000000	-491.9116931652	461
1.468331	1.604292	0.967982	110.728527	140.000000	0.000000	-491.9112146840	462
1.468331	1.604292	0.967982	110.728527	141.000000	0.000000	-491.9107302625	463
1.468331	1.604292	0.967982	110.728527	142.000000	0.000000	-491.9102407924	464
1.468331	1.604292	0.967982	110.728527	143.000000	0.000000	-491.9097471642	465
1.468331	1.604292	0.967982	110.728527	144.000000	0.000000	-491.9092502663	466
1.468331	1.604292	0.967982	110.728527	145.000000	0.000000	-491.9087509845	467
1.468331	1.604292	0.967982	110.728527	146.000000	0.000000	-491.9082502014	468
1.468331	1.604292	0.967982	110.728527	147.000000	0.000000	-491.9077487958	469
1.468331	1.604292	0.967982	110.728527	148.000000	0.000000	-491.9072476421	470
1.468331	1.604292	0.967982	110.728527	149.000000	0.000000	-491.9067476088	471
1.468331	1.604292	0.967982	110.728527	150.000000	0.000000	-491.9062495587	472
1.468331	1.604292	0.967982	110.728527	151.000000	0.000000	-491.9057543472	473
1.468331	1.604292	0.967982	110.728527	152.000000	0.000000	-491.9052628218	474
1.468331	1.604292	0.967982	110.728527	153.000000	0.000000	-491.9047758211	475
1.468331	1.604292	0.967982	110.728527	154.000000	0.000000	-491.9042941737	476
1.468331	1.604292	0.967982	110.728527	155.000000	0.000000	-491.9038186974	477
1.468331	1.604292	0.967982	110.728527	156.000000	0.000000	-491.9033501979	478
1.468331	1.604292	0.967982	110.728527	157.000000	0.000000	-491.9028894681	479
1.468331	1.604292	0.967982	110.728527	158.000000	0.000000	-491.9024372867	480
1.468331	1.604292	0.967982	110.728527	159.000000	0.000000	-491.9019944177	481
1.468331	1.604292	0.967982	110.728527	160.000000	0.000000	-491.9015616085	482
1.468331	1.604292	0.967982	110.728527	161.000000	0.000000	-491.9011395898	483
1.468331	1.604292	0.967982	110.728527	162.000000	0.000000	-491.9007290738	484
1.468331	1.604292	0.967982	110.728527	163.000000	0.000000	-491.9003307535	485
1.468331	1.604292	0.967982	110.728527	164.000000	0.000000	-491.8999453017	486
1.468331	1.604292	0.967982	110.728527	165.000000	0.000000	-491.8995733697	487
1.468331	1.604292	0.967982	110.728527	166.000000	0.000000	-491.8992155862	488
1.468331	1.604292	0.967982	110.728527	167.000000	0.000000	-491.8988725566	489
1.468331	1.604292	0.967982	110.728527	168.000000	0.000000	-491.8985448616	490
1.468331	1.604292	0.967982	110.728527	169.000000	0.000000	-491.8982330559	491
1.468331	1.604292	0.967982	110.728527	170.000000	0.000000	-491.8979376678	492
1.468331	1.604292	0.967982	110.728527	171.000000	0.000000	-491.8976591973	493
1.468331	1.604292	0.967982	110.728527	172.000000	0.000000	-491.8973981155	494
1.468331	1.604292	0.967982	110.728527	173.000000	0.000000	-491.8971548632	495
1.468331	1.604292	0.967982	110.728527	174.000000	0.000000	-491.8969298500	496
1.468331	1.604292	0.967982	110.728527	175.000000	0.000000	-491.8967234535	497
1.468331	1.604292	0.967982	110.728527	176.000000	0.000000	-491.8965360175	498
1.468331	1.604292	0.967982	110.728527	177.000000	0.000000	-491.8963678522	499
1.468331	1.604292	0.967982	110.728527	178.000000	0.000000	-491.8962192321	500
1.468331	1.604292	0.967982	110.728527	179.000000	0.000000	-491.8960903963	501
1.468331	1.604292	0.967982	110.728527	180.000000	0.000000	-491.8959815470	502
1.468331	1.604292	0.967982	110.728527	113.054787	0.000000	-491.9191405575	503
1.468331	1.604292	0.967982	110.728527	113.054787	1.000000	-491.9191362970	504
1.468331	1.604292	0.967982	110.728527	113.054787	2.000000	-491.9191235200	505
1.468331	1.604292	0.967982	110.728527	113.054787	3.000000	-491.9191022407	506
1.468331	1.604292	0.967982	110.728527	113.054787	4.000000	-491.9190724822	507
1.468331	1.604292	0.967982	110.728527	113.054787	5.000000	-491.9190342770	508
1.468331	1.604292	0.967982	110.728527	113.054787	6.000000	-491.9189876670	509
1.468331	1.604292	0.967982	110.728527	113.054787	7.000000	-491.9189327032	510
1.468331	1.604292	0.967982	110.728527	113.054787	8.000000	-491.9188694456	511
1.468331	1.604292	0.967982	110.728527	113.054787	9.000000	-491.9187979633	512
1.468331	1.604292	0.967982	110.728527	113.054787	10.000000	-491.9187183346	513
1.468331	1.604292	0.967982	110.728527	113.054787	11.000000	-491.9186306464	514
1.468331	1.604292	0.967982	110.728527	113.054787	12.000000	-491.9185349945	515
1.468331	1.604292	0.967982	110.728527	113.054787	13.000000	-491.9184314833	516
1.468331	1.604292	0.967982	110.728527	113.054787	14.000000	-491.9183202260	517
1.468331	1.604292	0.967982	110.728527	113.054787	15.000000	-491.9182013439	518
1.468331	1.604292	0.967982	110.728527	113.054787	16.000000	-491.9180749668	519
1.468331	1.604292	0.967982	110.728527	113.054787	17.000000	-491.9179412326	520
1.468331	1.604292	0.967982	110.728527	113.054787	18.000000	-491.9178002872	521
1.468331	1.604292	0.967982	110.728527	113.054787	19.000000	-491.9176522843	522
1.468331	1.604292	0.967982	110.728527	113.054787	20.000000	-491.9174973852	523
1.468331	1.604292	0.967982	110.728527	113.054787	21.000000	-491.9173357588	524
1.468331	1.604292	0.967982	110.728527	113.054787	22.000000	-491.9171675812	525
1.468331	1.604292	0.967982	110.728527	113.054787	23.000000	-491.9169930359	526
1.468331	1.604292	0.967982	110.728527	113.054787	24.000000	-491.9168123128	527
1.468331	1.604292	0.967982	110.728527	113.054787	25.000000	-491.9166256091	528
1.468331	1.604292	0.967982	110.728527	113.054787	26.000000	-491.9164331281	529
1.468331	1.604292	0.967982	110.728527	113.054787	27.000000	-491.9162350796	530
1.468331	1.604292	0.967982	110.728527	113.054787	28.000000	-491.9160316795	531
1.468331	1.604292	0.967982	110.728527	113.054787	29.000000	-491.9158231495	532
1.468331	1.604292	0.967982	110.728527	113.054787	30.000000	-491.9156097169	533
1.468331	1.604292	0.967982	110.728527	113.054787	31.000000	-491.9153916146	534
1.468331	1.604292	0.967982	110.728527	113.054787	32.000000	-491.9151690806	535
1.468331	1.604292	0.967982	110.728527	113.054787	33.000000	-491.9149423579	536
1.468331	1.604292	0.967982	110.728527	113.054787	34.000000	-491.9147116941	537
1.468331	1.604292	0.967982	110.728527	113.054787	35.000000	-491.9144773413	538
1.468331	1.604292	0.967982	110.728527	113.054787	36.000000	-491.9142395559	539
1.468331	1.604292	0.967982	110.728527	113.054787	37.000000	-491.9139985981	540
1.468331	1.604292	0.967982	110.728527	113.054787	38.000000	-491.9137547319	541
1.468331	1.604292	0.967982	110.728527	113.054787	39.000000	-491.9135082247	542
1.468331	1.604292	0.967982	110.728527	113.054787	40.000000	-491.9132593470	543
1.468331	1.604292	0.967982	110.728527	113.054787	41.000000	-491.9130083723	544
1.468331	1.604292	0.967982	110.728527	113.054787	42.000000	-491.9127555765	545
1.468331	1.604292	0.967982	110.728527	113.054787	43.000000	-491.9125012381	546
1.468331	1.604292	0.967982	110.728527	113.054787	44.000000	-491.9122456374	547
1.468331	1.604292	0.967982	110.728527	113.054787	45.000000	-491.9119890566	548
1.468331	1.604292	0.967982	110.728527	113.054787	46.000000	-491.9117317792	549
1.468331	1.604292	0.967982	110.728527	113.054787	47.000000	-491.9114740900	550
1.468331	1.604292	0.967982	110.728527	113.054787	48.000000	-491.9112162745	551
1.468331	1.604292	0.967982	110.728527	113.054787	49.000000	-491.9109586190	552
1.468331	1.604292	0.967982	110.728527	113.054787	50.000000	-491.9107014099	553
1.468331	1.604292	0.967982	110.728527	113.054787	51.000000	-491.9104449336	554
1.468331	1.604292	0.967982	110.728527	113.054787	52.000000	-491.9101894761	555
1.468331	1.604292	0.967982	110.728527	113.054787	53.000000	-491.9099353227	556
1.468331	1.604292	0.967982	110.728527	113.054787	54.000000	-491.9096827578	557
1.468331	1.604292	0.967982	110.728527	113.054787	55.000000	-491.9094320643	558
1.468331	1.604292	0.967982	110.728527	113.054787	56.000000	-491.9091835238	559
1.468331	1.604292	0.967982	110.728527	113.054787	57.000000	-491.9089374154	560
1.468331	1.604292	0.967982	110.728527	113.054787	58.000000	-491.9086940165	561
1.468331	1.604292	0.967982	110.728527	113.054787	59.000000	-491.9084536013	562
1.468331	1.604292	0.967982	110.728527	113.054787	60.000000	-491.9082164413	563
1.468331	1.604292	0.967982	110.728527	113.054787	61.000000	-491.9079828044	564
1.468331	1.604292	0.967982	110.728527	113.054787	62.000000	-491.9077529552	565
1.468331	1.604292	0.967982	110.728527	113.054787	63.000000	-491.9075271538	566
1.468331	1.604292	0.967982	110.728527	113.054787	64.000000	-491.9073056561	567
1.468331	1.604292	0.967982	110.728527	113.054787	65.000000	-491.9070887131	568
1.468331	1.604292	0.967982	110.728527	113.054787	66.000000	-491.9068765707	569
1.468331	1.604292	0.967982	110.728527	113.054787	67.000000	-491.9066694693	570
1.468331	1.604292	0.967982	110.728527	113.054787	68.000000	-491.9064676433	571
1.468331	1.604292	0.967982	110.728527	113.054787	69.000000	-491.9062713210	572
1.468331	1.604292	0.967982	110.728527	113.054787	70.000000	-491.9060807239	573
1.468331	1.604292	0.967982	110.728527	113.054787	71.000000	-491.9058960666	574
1.468331	1.604292	0.967982	110.728527	113.054787	72.000000	-491.9057175564	575
1.468331	1.604292	0.967982	110.728527	113.054787	73.000000	-491.9055453929	576
1.468331	1.604292	0.967982	110.728527	113.054787	74.000000	-491.9053797675	577
1.468331	1.604292	0.967982	110.728527	113.054787	75.000000	-491.9052208633	578
1.468331	1.604292	0.967982	110.728527	113.054787	76.000000	-491.9050688549	579
1.468331	1.604292	0.967982	110.728527	113.054787	77.000000	-491.9049239074	580
1.468331	1.604292	0.967982	110.728527	113.054787	78.000000	-491.9047861771	581
1.468331	1.604292	0.967982	110.728527	113.054787	79.000000	-491.9046558103	582
1.468331	1.604292	0.967982	110.728527	113.054787	80.000000	-491.9045329433	583
1.468331	1.604292	0.967982	110.728527	113.054787	81.000000	-491.9044177027	584
1.468331	1.604292	0.967982	110.728527	113.054787	82.000000	-491.9043102040	585
1.468331	1.604292	0.967982	110.728527	113.054787	83.000000	-491.9042105526	586
1.468331	1.604292	0.967982	110.728527	113.054787	84.000000	-491.9041188427	587
1.468331	1.604292	0.967982	110.728527	113.054787	85.000000	-491.9040351574	588
1.468331	1.604292	0.967982	110.728527	113.054787	86.000000	-491.9039595688	589
1.468331	1.604292	0.967982	110.728527	113.054787	87.000000	-491.9038921375	590
1.468331	1.604292	0.967982	110.728527	113.054787	88.000000	-491.9038329124	591
1.468331	1.604292	0.967982	110.728527	113.054787	89.000000	-491.9037819308	592
1.468331	1.604292	0.967982	110.728527	113.054787	90.000000	-491.9037392186	593
1.468331	1.604292	0.967982	110.728527	113.054787	91.000000	-491.9037047896	594
1.468331	1.604292	0.967982	110.728527	113.054787	92.000000	-491.9036786459	595
1.468331	1.604292	0.967982	110.728527	113.054787	93.000000	-491.9036607778	596
1.468331	1.604292	0.967982	110.728527	113.054787	94.000000	-491.9036511639	597
1.468331	1.604292	0.967982	110.728527	113.054787	95.000000	-491.9036497711	598
1.468331	1.604292	0.967982	110.728527	113.054787	96.000000	-491.9036565546	599
1.468331	1.604292	0.967982	110.728527	113.054787	97.000000	-491.9036714579	600
1.468331	1.604292	0.967982	110.728527	113.054787	98.000000	-491.9036944133	601
1.468331	1.604292	0.967982	110.728527	113.054787	99.000000	-491.9037253417	602
1.468331	1.604292	0.967982	110.728527	113.054787	100.000000	-491.9037641532	603
1.468331	1.604292	0.967982	110.728527	113.054787	101.000000	-491.9038107465	604
1.468331	1.604292	0.967982	110.728527	113.054787	102.000000	-491.9038650102	605
1.468331	1.604292	0.967982	110.728527	113.054787	103.000000	-491.9039268220	606
1.468331	1.604292	0.967982	110.728527	113.054787	104.000000	-491.9039960498	607
1.468331	1.604292	0.967982	110.728527	113.054787	105.000000	-491.9040725513	608
1.468331	1.604292	0.967982	110.728527	113.054787	106.000000	-491.9041561749	609
1.468331	1.604292	0.967982	110.728527	113.054787	107.000000	-491.9042467597	610
1.468331	1.604292	0.967982	110.728527	113.054787	108.000000	-491.9043441357	611
1.468331	1.604292	0.967982	110.728527	113.054787	109.000000	-491.9044481244	612
1.468331	1.604292	0.967982	110.728527	113.054787	110.000000	-491.9045585394	613
1.468331	1.604292	0.967982	110.728527	113.054787	111.000000	-491.9046751860	614
1.468331	1.604292	0.967982	110.728527	113.054787	112.000000	-491.9047978622	615
1.468331	1.604292	0.967982	110.728527	113.054787	113.000000	-491.9049263592	616
1.468331	1.604292	0.967982	110.728527	113.054787	114.000000	-491.9050604613	617
1.468331	1.604292	0.967982	110.728527	113.054787	115.000000	-491.9051999464	618
1.468331	1.604292	0.967982	110.728527	113.054787	116.000000	-491.9053445870	619
1.468331	1.604292	0.967982	110.728527	113.054787	117.000000	-491.9054941497	620
1.468331	1.604292	0.967982	110.728527	113.054787	118.000000	-491.9056483965	621
1.468331	1.604292	0.967982	110.728527	113.054787	119.000000	-491.9058070846	622
1.468331	1.604292	0.967982	110.728527	113.054787	120.000000	-491.9059699670	623
1.468331	1.604292	0.967982	110.728527	113.054787	121.000000	-491.9061367931	624
1.468331	1.604292	0.967982	110.728527	113.054787	122.000000	-491.9063073089	625
1.468331	1.604292	0.967982	110.728527	113.054787	123.000000	-491.9064812573	626
1.468331	1.604292	0.967982	110.728527	113.054787	124.000000	-491.9066583791	627
1.468331	1.604292	0.967982	110.728527	113.054787	125.000000	-491.9068384126	628
1.468331	1.604292	0.967982	110.728527	113.054787	126.000000	-491.9070210945	629
1.468331	1.604292	0.967982	110.728527	113.054787	127.000000	-491.9072061604	630
1.468331	1.604292	0.967982	110.728527	113.054787	128.000000	-491.9073933445	631
1.468331	1.604292	0.967982	110.728527	113.054787	129.000000	-491.9075823809	632
1.468331	1.604292	0.967982	110.728527	113.054787	130.000000	-491.9077730033	633
1.468331	1.604292	0.967982	110.728527	113.054787	131.000000	-491.9079649455	634
1.468331	1.604292	0.967982	110.728527	113.054787	132.000000	-491.9081579418	635
1.468331	1.604292	0.967982	110.728527	113.054787	133.000000	-491.9083517276	636
1.468331	1.604292	0.967982	110.728527	113.054787	134.000000	-491.9085460391	637
1.468331	1.604292	0.967982	110.728527	113.054787	135.000000	-491.9087406142	638
1.468331	1.604292	0.967982	110.728527	113.054787	136.000000	-491.9089351927	639
1.468331	1.604292	0.967982	110.728527	113.054787	137.000000	-491.9091295161	640
1.468331	1.604292	0.967982	110.728527	113.054787	138.000000	-491.9093233288	641
1.468331	1.604292	0.967982	110.728527	113.054787	139.000000	-491.9095163775	642
1.468331	1.604292	0.967982	110.728527	113.054787	140.000000	-491.9097084120	643
1.468331	1.604292	0.967982	110.728527	113.054787	141.000000	-491.9098991852	644
1.468331	1.604292	0.967982	110.728527	113.054787	142.000000	-491.9100884534	645
1.468331	1.604292	0.967982	110.728527	113.054787	143.000000	-491.9102759769	646
1.468331	1.604292	0.967982	110.728527	113.054787	144.000000	-491.9104615195	647
1.468331	1.604292	0.967982	110.728527	113.054787	145.000000	-491.9106448494	648
1.468331	1.604292	0.967982	110.728527	113.054787	146.000000	-491.9108257391	649
1.468331	1.604292	0.967982	110.728527	113.054787	147.000000	-491.9110039657	650
1.468331	1.604292	0.967982	110.728527	113.054787	148.000000	-491.9111793109	651
1.468331	1.604292	0.967982	110.728527	113.054787	149.000000	-491.9113515615	652
1.468331	1.604292	0.967982	110.728527	113.054787	150.000000	-491.9115205093	653
1.468331	1.604292	0.967982	110.728527	113.054787	151.000000	-491.9116859515	654
1.468331	1.604292	0.967982	110.728527	113.054787	152.000000	-491.9118476905	655
1.468331	1.604292	0.967982	110.728527	113.054787	153.000000	-491.9120055346	656
1.468331	1.604292	0.967982	110.728527	113.054787	154.000000	-491.9121592974	657
1.468331	1.604292	0.967982	110.728527	113.054787	155.000000	-491.9123087988	658
1.468331	1.604292	0.967982	110.728527	113.054787	156.000000	-491.9124538642	659
1.468331	1.604292	0.967982	110.728527	113.054787	157.000000	-491.9125943255	660
1.468331	1.604292	0.967982	110.728527	113.054787	158.000000	-491.9127300206	661
1.468331	1.604292	0.967982	110.728527	113.054787	159.000000	-491.9128607937	662
1.468331	1.604292	0.967982	110.728527	113.054787	160.000000	-491.9129864953	663
1.468331	1.604292	0.967982	110.728527	113.054787	161.000000	-491.9131069826	664
1.468331	1.604292	0.967982	110.728527	113.054787	162.000000	-491.9132221190	665
1.468331	1.604292	0.967982	110.728527	113.054787	163.000000	-491.9133317750	666
1.468331	1.604292	0.967982	110.728527	113.054787	164.000000	-491.9134358274	667
1.468331	1.604292	0.967982	110.728527	113.054787	165.000000	-491.9135341599	668
1.468331	1.604292	0.967982	110.728527	113.054787	166.000000	-491.9136266632	669
1.468331	1.604292	0.967982	110.728527	113.054787	167.000000	-491.9137132346	670
1.468331	1.604292	0.967982	110.728527	113.054787	168.000000	-491.9137937784	671
1.468331	1.604292	0.967982	110.728527	113.054787	169.000000	-491.9138682061	672
1.468331	1.604292	0.967982	110.728527	113.054787	170.000000	-491.9139364359	673
1.468331	1.604292	0.967982	110.728527	113.054787	171.000000	-491.9139983931	674
1.468331	1.604292	0.967982	110.728527	113.054787	172.000000	-491.9140540101	675
1.468331	1.604292	0.967982	110.728527	113.054787	173.000000	-491.9141032265	676
1.468331	1.604292	0.967982	110.728527	113.054787	174.000000	-491.9141459888	677
1.468331	1.604292	0.967982	110.728527	113.054787	175.000000	-491.9141822507	678
1.468331	1.604292	0.967982	110.728527	113.054787	176.000000	-491.9142119730	679
1.468331	1.604292	0.967982	110.728527	113.054787	177.000000	-491.9142351236	680
1.468331	1.604292	0.967982	110.728527	113.054787	178.000000	-491.9142516776	681
1.468331	1.604292	0.967982	110.728527	113.054787	179.000000	-491.9142616171	682
1.468331	1.604292	0.967982	110.728527	113.054787	180.000000	-491.9142649315	683
