   1.46833100   1.50000000   0.96798200   110.72852700   113.05478700   0.00000000   -491.8841630570   100.0000
   1.46833100   1.51000000   0.96798200   110.72852700   113.05478700   0.00000000   -491.8857767583   101.0000
   1.46833100   1.52000000   0.96798200   110.72852700   113.05478700   0.00000000   -491.8871881761   102.0000
   1.46833100   1.53000000   0.96798200   110.72852700   113.05478700   0.00000000   -491.8884084863   103.0000
   1.46833100   1.54000000   0.96798200   110.72852700   113.05478700   0.00000000   -491.8894482985   104.0000
   1.46833100   1.55000000   0.96798200   110.72852700   113.05478700   0.00000000   -491.8903176834   105.0000
   1.46833100   1.56000000   0.96798200   110.72852700   113.05478700   0.00000000   -491.8910262003   106.0000
   1.46833100   1.57000000   0.96798200   110.72852700   113.05478700   0.00000000   -491.8915829217   107.0000
   1.46833100   1.58000000   0.96798200   110.72852700   113.05478700   0.00000000   -491.8919964578   108.0000
   1.46833100   1.59000000   0.96798200   110.72852700   113.05478700   0.00000000   -491.8922749792   109.0000
   1.31000000   1.60429200   0.96798200   110.72852700   113.05478700   0.00000000   -491.8499691120   10.0000
   1.46833100   1.60000000   0.96798200   110.72852700   113.05478700   0.00000000   -491.8924262386   110.0000
   1.46833100   1.61000000   0.96798200   110.72852700   113.05478700   0.00000000   -491.8924575914   111.0000
   1.46833100   1.62000000   0.96798200   110.72852700   113.05478700   0.00000000   -491.8923760153   112.0000
   1.46833100   1.63000000   0.96798200   110.72852700   113.05478700   0.00000000   -491.8921881293   113.0000
   1.46833100   1.64000000   0.96798200   110.72852700   113.05478700   0.00000000   -491.8919002110   114.0000
   1.46833100   1.65000000   0.96798200   110.72852700   113.05478700   0.00000000   -491.8915182136   115.0000
   1.46833100   1.66000000   0.96798200   110.72852700   113.05478700   0.00000000   -491.8910477824   116.0000
   1.46833100   1.67000000   0.96798200   110.72852700   113.05478700   0.00000000   -491.8904942694   117.0000
   1.46833100   1.68000000   0.96798200   110.72852700   113.05478700   0.00000000   -491.8898627485   118.0000
   1.46833100   1.69000000   0.96798200   110.72852700   113.05478700   0.00000000   -491.8891580289   119.0000
   1.32000000   1.60429200   0.96798200   110.72852700   113.05478700   0.00000000   -491.8558987713   11.0000
   1.46833100   1.70000000   0.96798200   110.72852700   113.05478700   0.00000000   -491.8883846686   120.0000
   1.46833100   1.71000000   0.96798200   110.72852700   113.05478700   0.00000000   -491.8875469868   121.0000
   1.46833100   1.72000000   0.96798200   110.72852700   113.05478700   0.00000000   -491.8866490758   122.0000
   1.46833100   1.73000000   0.96798200   110.72852700   113.05478700   0.00000000   -491.8856948127   123.0000
   1.46833100   1.74000000   0.96798200   110.72852700   113.05478700   0.00000000   -491.8846878699   124.0000
   1.46833100   1.75000000   0.96798200   110.72852700   113.05478700   0.00000000   -491.8836317255   125.0000
   1.46833100   1.76000000   0.96798200   110.72852700   113.05478700   0.00000000   -491.8825296735   126.0000
   1.46833100   1.77000000   0.96798200   110.72852700   113.05478700   0.00000000   -491.8813848326   127.0000
   1.46833100   1.78000000   0.96798200   110.72852700   113.05478700   0.00000000   -491.8802001554   128.0000
   1.46833100   1.79000000   0.96798200   110.72852700   113.05478700   0.00000000   -491.8789784370   129.0000
   1.33000000   1.60429200   0.96798200   110.72852700   113.05478700   0.00000000   -491.8612707024   12.0000
   1.46833100   1.80000000   0.96798200   110.72852700   113.05478700   0.00000000   -491.8777223229   130.0000
   1.46833100   1.81000000   0.96798200   110.72852700   113.05478700   0.00000000   -491.8764343168   131.0000
   1.46833100   1.82000000   0.96798200   110.72852700   113.05478700   0.00000000   -491.8751167878   132.0000
   1.46833100   1.83000000   0.96798200   110.72852700   113.05478700   0.00000000   -491.8737719776   133.0000
   1.46833100   1.84000000   0.96798200   110.72852700   113.05478700   0.00000000   -491.8724020070   134.0000
   1.46833100   1.85000000   0.96798200   110.72852700   113.05478700   0.00000000   -491.8710088820   135.0000
   1.46833100   1.86000000   0.96798200   110.72852700   113.05478700   0.00000000   -491.8695945002   136.0000
   1.46833100   1.87000000   0.96798200   110.72852700   113.05478700   0.00000000   -491.8681606564   137.0000
   1.46833100   1.88000000   0.96798200   110.72852700   113.05478700   0.00000000   -491.8667090479   138.0000
   1.46833100   1.89000000   0.96798200   110.72852700   113.05478700   0.00000000   -491.8652412798   139.0000
   1.34000000   1.60429200   0.96798200   110.72852700   113.05478700   0.00000000   -491.8661153164   13.0000
   1.46833100   1.90000000   0.96798200   110.72852700   113.05478700   0.00000000   -491.8637588698   140.0000
   1.46833100   1.91000000   0.96798200   110.72852700   113.05478700   0.00000000   -491.8622632530   141.0000
   1.46833100   1.92000000   0.96798200   110.72852700   113.05478700   0.00000000   -491.8607557863   142.0000
   1.46833100   1.93000000   0.96798200   110.72852700   113.05478700   0.00000000   -491.8592377525   143.0000
   1.46833100   1.94000000   0.96798200   110.72852700   113.05478700   0.00000000   -491.8577103646   144.0000
   1.46833100   1.95000000   0.96798200   110.72852700   113.05478700   0.00000000   -491.8561747693   145.0000
   1.46833100   1.96000000   0.96798200   110.72852700   113.05478700   0.00000000   -491.8546320507   146.0000
   1.46833100   1.97000000   0.96798200   110.72852700   113.05478700   0.00000000   -491.8530832338   147.0000
   1.46833100   1.98000000   0.96798200   110.72852700   113.05478700   0.00000000   -491.8515292877   148.0000
   1.46833100   1.99000000   0.96798200   110.72852700   113.05478700   0.00000000   -491.8499711286   149.0000
   1.35000000   1.60429200   0.96798200   110.72852700   113.05478700   0.00000000   -491.8704614886   14.0000
   1.46833100   2.00000000   0.96798200   110.72852700   113.05478700   0.00000000   -491.8484096230   150.0000
   1.46833100   2.01000000   0.96798200   110.72852700   113.05478700   0.00000000   -491.8468455901   151.0000
   1.46833100   2.02000000   0.96798200   110.72852700   113.05478700   0.00000000   -491.8452798046   152.0000
   1.46833100   2.03000000   0.96798200   110.72852700   113.05478700   0.00000000   -491.8437129993   153.0000
   1.46833100   2.04000000   0.96798200   110.72852700   113.05478700   0.00000000   -491.8421458672   154.0000
   1.46833100   2.05000000   0.96798200   110.72852700   113.05478700   0.00000000   -491.8405790639   155.0000
   1.46833100   2.06000000   0.96798200   110.72852700   113.05478700   0.00000000   -491.8390132018   156.0000
   1.46833100   2.07000000   0.96798200   110.72852700   113.05478700   0.00000000   -491.8374488917   157.0000
   1.46833100   2.08000000   0.96798200   110.72852700   113.05478700   0.00000000   -491.8358866564   158.0000
   1.46833100   2.09000000   0.96798200   110.72852700   113.05478700   0.00000000   -491.8343270465   159.0000
   1.36000000   1.60429200   0.96798200   110.72852700   113.05478700   0.00000000   -491.8743366367   15.0000
   1.46833100   2.10000000   0.96798200   110.72852700   113.05478700   0.00000000   -491.8327705518   160.0000
   1.46833100   2.11000000   0.96798200   110.72852700   113.05478700   0.00000000   -491.8312176434   161.0000
   1.46833100   2.12000000   0.96798200   110.72852700   113.05478700   0.00000000   -491.8296687677   162.0000
   1.46833100   2.13000000   0.96798200   110.72852700   113.05478700   0.00000000   -491.8281243478   163.0000
   1.46833100   2.14000000   0.96798200   110.72852700   113.05478700   0.00000000   -491.8265847843   164.0000
   1.46833100   2.15000000   0.96798200   110.72852700   113.05478700   0.00000000   -491.8250504572   165.0000
   1.46833100   2.16000000   0.96798200   110.72852700   113.05478700   0.00000000   -491.8235217266   166.0000
   1.46833100   2.17000000   0.96798200   110.72852700   113.05478700   0.00000000   -491.8219989341   167.0000
   1.46833100   2.18000000   0.96798200   110.72852700   113.05478700   0.00000000   -491.8204824038   168.0000
   1.46833100   2.19000000   0.96798200   110.72852700   113.05478700   0.00000000   -491.8189724433   169.0000
   1.37000000   1.60429200   0.96798200   110.72852700   113.05478700   0.00000000   -491.8777667949   16.0000
   1.46833100   2.20000000   0.96798200   110.72852700   113.05478700   0.00000000   -491.8174693444   170.0000
   1.46833100   2.21000000   0.96798200   110.72852700   113.05478700   0.00000000   -491.8159733846   171.0000
   1.46833100   2.22000000   0.96798200   110.72852700   113.05478700   0.00000000   -491.8144848274   172.0000
   1.46833100   2.23000000   0.96798200   110.72852700   113.05478700   0.00000000   -491.8130039232   173.0000
   1.46833100   2.24000000   0.96798200   110.72852700   113.05478700   0.00000000   -491.8115309104   174.0000
   1.46833100   2.25000000   0.96798200   110.72852700   113.05478700   0.00000000   -491.8100660154   175.0000
   1.46833100   2.26000000   0.96798200   110.72852700   113.05478700   0.00000000   -491.8086094540   176.0000
   1.46833100   2.27000000   0.96798200   110.72852700   113.05478700   0.00000000   -491.8071614318   177.0000
   1.46833100   2.28000000   0.96798200   110.72852700   113.05478700   0.00000000   -491.8057221448   178.0000
   1.46833100   2.29000000   0.96798200   110.72852700   113.05478700   0.00000000   -491.8042917796   179.0000
   1.38000000   1.60429200   0.96798200   110.72852700   113.05478700   0.00000000   -491.8807766849   17.0000
   1.46833100   2.30000000   0.96798200   110.72852700   113.05478700   0.00000000   -491.8028705147   180.0000
   1.46833100   2.31000000   0.96798200   110.72852700   113.05478700   0.00000000   -491.8014585203   181.0000
   1.46833100   2.32000000   0.96798200   110.72852700   113.05478700   0.00000000   -491.8000559593   182.0000
   1.46833100   2.33000000   0.96798200   110.72852700   113.05478700   0.00000000   -491.7986629874   183.0000
   1.46833100   2.34000000   0.96798200   110.72852700   113.05478700   0.00000000   -491.7972797563   184.0000
   1.46833100   2.35000000   0.96798200   110.72852700   113.05478700   0.00000000   -491.7959064012   185.0000
   1.46833100   2.36000000   0.96798200   110.72852700   113.05478700   0.00000000   -491.7945430703   186.0000
   1.46833100   2.37000000   0.96798200   110.72852700   113.05478700   0.00000000   -491.7931898866   187.0000
   1.46833100   2.38000000   0.96798200   110.72852700   113.05478700   0.00000000   -491.7918469796   188.0000
   1.46833100   2.39000000   0.96798200   110.72852700   113.05478700   0.00000000   -491.7905144715   189.0000
   1.39000000   1.60429200   0.96798200   110.72852700   113.05478700   0.00000000   -491.8833897822   18.0000
   1.46833100   2.40000000   0.96798200   110.72852700   113.05478700   0.00000000   -491.7891924798   190.0000
   1.46833100   1.60429200   0.70000000   110.72852700   113.05478700   0.00000000   -491.7611541370   191.0000
   1.46833100   1.60429200   0.71000000   110.72852700   113.05478700   0.00000000   -491.7742884707   192.0000
   1.46833100   1.60429200   0.72000000   110.72852700   113.05478700   0.00000000   -491.7863975524   193.0000
   1.46833100   1.60429200   0.73000000   110.72852700   113.05478700   0.00000000   -491.7975480789   194.0000
   1.46833100   1.60429200   0.74000000   110.72852700   113.05478700   0.00000000   -491.8078022434   195.0000
   1.46833100   1.60429200   0.75000000   110.72852700   113.05478700   0.00000000   -491.8172180661   196.0000
   1.46833100   1.60429200   0.76000000   110.72852700   113.05478700   0.00000000   -491.8258496987   197.0000
   1.46833100   1.60429200   0.77000000   110.72852700   113.05478700   0.00000000   -491.8337477042   198.0000
   1.46833100   1.60429200   0.78000000   110.72852700   113.05478700   0.00000000   -491.8409593144   199.0000
   1.40000000   1.60429200   0.96798200   110.72852700   113.05478700   0.00000000   -491.8856283797   19.0000
   1.22000000   1.60429200   0.96798200   110.72852700   113.05478700   0.00000000   -491.7656115198   1.0000
   1.46833100   1.60429200   0.79000000   110.72852700   113.05478700   0.00000000   -491.8475286670   200.0000
   1.46833100   1.60429200   0.80000000   110.72852700   113.05478700   0.00000000   -491.8534970245   201.0000
   1.46833100   1.60429200   0.81000000   110.72852700   113.05478700   0.00000000   -491.8589029752   202.0000
   1.46833100   1.60429200   0.82000000   110.72852700   113.05478700   0.00000000   -491.8637826198   203.0000
   1.46833100   1.60429200   0.83000000   110.72852700   113.05478700   0.00000000   -491.8681697434   204.0000
   1.46833100   1.60429200   0.84000000   110.72852700   113.05478700   0.00000000   -491.8720959739   205.0000
   1.46833100   1.60429200   0.85000000   110.72852700   113.05478700   0.00000000   -491.8755909296   206.0000
   1.46833100   1.60429200   0.86000000   110.72852700   113.05478700   0.00000000   -491.8786823545   207.0000
   1.46833100   1.60429200   0.87000000   110.72852700   113.05478700   0.00000000   -491.8813962451   208.0000
   1.46833100   1.60429200   0.88000000   110.72852700   113.05478700   0.00000000   -491.8837569665   209.0000
   1.41000000   1.60429200   0.96798200   110.72852700   113.05478700   0.00000000   -491.8875136474   20.0000
   1.46833100   1.60429200   0.89000000   110.72852700   113.05478700   0.00000000   -491.8857873611   210.0000
   1.46833100   1.60429200   0.90000000   110.72852700   113.05478700   0.00000000   -491.8875088489   211.0000
   1.46833100   1.60429200   0.91000000   110.72852700   113.05478700   0.00000000   -491.8889415211   212.0000
   1.46833100   1.60429200   0.92000000   110.72852700   113.05478700   0.00000000   -491.8901042270   213.0000
   1.46833100   1.60429200   0.93000000   110.72852700   113.05478700   0.00000000   -491.8910146544   214.0000
   1.46833100   1.60429200   0.94000000   110.72852700   113.05478700   0.00000000   -491.8916894052   215.0000
   1.46833100   1.60429200   0.95000000   110.72852700   113.05478700   0.00000000   -491.8921440653   216.0000
   1.46833100   1.60429200   0.96000000   110.72852700   113.05478700   0.00000000   -491.8923932700   217.0000
   1.46833100   1.60429200   0.97000000   110.72852700   113.05478700   0.00000000   -491.8924507648   218.0000
   1.46833100   1.60429200   0.98000000   110.72852700   113.05478700   0.00000000   -491.8923294621   219.0000
   1.42000000   1.60429200   0.96798200   110.72852700   113.05478700   0.00000000   -491.8890656896   21.0000
   1.46833100   1.60429200   0.99000000   110.72852700   113.05478700   0.00000000   -491.8920414944   220.0000
   1.46833100   1.60429200   1.00000000   110.72852700   113.05478700   0.00000000   -491.8915982635   221.0000
   1.46833100   1.60429200   1.01000000   110.72852700   113.05478700   0.00000000   -491.8910104866   222.0000
   1.46833100   1.60429200   1.02000000   110.72852700   113.05478700   0.00000000   -491.8902882398   223.0000
   1.46833100   1.60429200   1.03000000   110.72852700   113.05478700   0.00000000   -491.8894409976   224.0000
   1.46833100   1.60429200   1.04000000   110.72852700   113.05478700   0.00000000   -491.8884776705   225.0000
   1.46833100   1.60429200   1.05000000   110.72852700   113.05478700   0.00000000   -491.8874066407   226.0000
   1.46833100   1.60429200   1.06000000   110.72852700   113.05478700   0.00000000   -491.8862357938   227.0000
   1.46833100   1.60429200   1.07000000   110.72852700   113.05478700   0.00000000   -491.8849725498   228.0000
   1.46833100   1.60429200   1.08000000   110.72852700   113.05478700   0.00000000   -491.8836238914   229.0000
   1.43000000   1.60429200   0.96798200   110.72852700   113.05478700   0.00000000   -491.8903035981   22.0000
   1.46833100   1.60429200   1.09000000   110.72852700   113.05478700   0.00000000   -491.8821963908   230.0000
   1.46833100   1.60429200   1.10000000   110.72852700   113.05478700   0.00000000   -491.8806962342   231.0000
   1.46833100   1.60429200   1.11000000   110.72852700   113.05478700   0.00000000   -491.8791292452   232.0000
   1.46833100   1.60429200   1.12000000   110.72852700   113.05478700   0.00000000   -491.8775009066   233.0000
   1.46833100   1.60429200   1.13000000   110.72852700   113.05478700   0.00000000   -491.8758163804   234.0000
   1.46833100   1.60429200   1.14000000   110.72852700   113.05478700   0.00000000   -491.8740805272   235.0000
   1.46833100   1.60429200   1.15000000   110.72852700   113.05478700   0.00000000   -491.8722979234   236.0000
   1.46833100   1.60429200   1.16000000   110.72852700   113.05478700   0.00000000   -491.8704728786   237.0000
   1.46833100   1.60429200   1.17000000   110.72852700   113.05478700   0.00000000   -491.8686094507   238.0000
   1.46833100   1.60429200   1.18000000   110.72852700   113.05478700   0.00000000   -491.8667114607   239.0000
   1.44000000   1.60429200   0.96798200   110.72852700   113.05478700   0.00000000   -491.8912455043   23.0000
   1.46833100   1.60429200   1.19000000   110.72852700   113.05478700   0.00000000   -491.8647825065   240.0000
   1.46833100   1.60429200   1.20000000   110.72852700   113.05478700   0.00000000   -491.8628259758   241.0000
   1.46833100   1.60429200   1.21000000   110.72852700   113.05478700   0.00000000   -491.8608450584   242.0000
   1.46833100   1.60429200   1.22000000   110.72852700   113.05478700   0.00000000   -491.8588427572   243.0000
   1.46833100   1.60429200   1.23000000   110.72852700   113.05478700   0.00000000   -491.8568218996   244.0000
   1.46833100   1.60429200   1.24000000   110.72852700   113.05478700   0.00000000   -491.8547851469   245.0000
   1.46833100   1.60429200   1.25000000   110.72852700   113.05478700   0.00000000   -491.8527350044   246.0000
   1.46833100   1.60429200   1.26000000   110.72852700   113.05478700   0.00000000   -491.8506738299   247.0000
   1.46833100   1.60429200   1.27000000   110.72852700   113.05478700   0.00000000   -491.8486038425   248.0000
   1.46833100   1.60429200   1.28000000   110.72852700   113.05478700   0.00000000   -491.8465271304   249.0000
   1.45000000   1.60429200   0.96798200   110.72852700   113.05478700   0.00000000   -491.8919086290   24.0000
   1.46833100   1.60429200   1.29000000   110.72852700   113.05478700   0.00000000   -491.8444456583   250.0000
   1.46833100   1.60429200   1.30000000   110.72852700   113.05478700   0.00000000   -491.8423612744   251.0000
   1.46833100   1.60429200   1.31000000   110.72852700   113.05478700   0.00000000   -491.8402757173   252.0000
   1.46833100   1.60429200   1.32000000   110.72852700   113.05478700   0.00000000   -491.8381906220   253.0000
   1.46833100   1.60429200   1.33000000   110.72852700   113.05478700   0.00000000   -491.8361075260   254.0000
   1.46833100   1.60429200   1.34000000   110.72852700   113.05478700   0.00000000   -491.8340278745   255.0000
   1.46833100   1.60429200   1.35000000   110.72852700   113.05478700   0.00000000   -491.8319530260   256.0000
   1.46833100   1.60429200   1.36000000   110.72852700   113.05478700   0.00000000   -491.8298842569   257.0000
   1.46833100   1.60429200   1.37000000   110.72852700   113.05478700   0.00000000   -491.8278227663   258.0000
   1.46833100   1.60429200   1.38000000   110.72852700   113.05478700   0.00000000   -491.8257696804   259.0000
   1.46000000   1.60429200   0.96798200   110.72852700   113.05478700   0.00000000   -491.8923093191   25.0000
   1.46833100   1.60429200   1.39000000   110.72852700   113.05478700   0.00000000   -491.8237260564   260.0000
   1.46833100   1.60429200   1.40000000   110.72852700   113.05478700   0.00000000   -491.8216928864   261.0000
   1.46833100   1.60429200   1.41000000   110.72852700   113.05478700   0.00000000   -491.8196711014   262.0000
   1.46833100   1.60429200   1.42000000   110.72852700   113.05478700   0.00000000   -491.8176615741   263.0000
   1.46833100   1.60429200   1.43000000   110.72852700   113.05478700   0.00000000   -491.8156651225   264.0000
   1.46833100   1.60429200   1.44000000   110.72852700   113.05478700   0.00000000   -491.8136825132   265.0000
   1.46833100   1.60429200   1.45000000   110.72852700   113.05478700   0.00000000   -491.8117144635   266.0000
   1.46833100   1.60429200   1.46000000   110.72852700   113.05478700   0.00000000   -491.8097616449   267.0000
   1.46833100   1.60429200   1.47000000   110.72852700   113.05478700   0.00000000   -491.8078246851   268.0000
   1.46833100   1.60429200   1.48000000   110.72852700   113.05478700   0.00000000   -491.8059041705   269.0000
   1.47000000   1.60429200   0.96798200   110.72852700   113.05478700   0.00000000   -491.8924631047   26.0000
   1.46833100   1.60429200   1.49000000   110.72852700   113.05478700   0.00000000   -491.8040006486   270.0000
   1.46833100   1.60429200   1.50000000   110.72852700   113.05478700   0.00000000   -491.8021146301   271.0000
   1.46833100   1.60429200   0.96798200   75.00000000   113.05478700   0.00000000   -491.7744794576   272.0000
   1.46833100   1.60429200   0.96798200   76.00000000   113.05478700   0.00000000   -491.7838124954   273.0000
   1.46833100   1.60429200   0.96798200   77.00000000   113.05478700   0.00000000   -491.7925081581   274.0000
   1.46833100   1.60429200   0.96798200   78.00000000   113.05478700   0.00000000   -491.8006099934   275.0000
   1.46833100   1.60429200   0.96798200   79.00000000   113.05478700   0.00000000   -491.8081585006   276.0000
   1.46833100   1.60429200   0.96798200   80.00000000   113.05478700   0.00000000   -491.8151912402   277.0000
   1.46833100   1.60429200   0.96798200   81.00000000   113.05478700   0.00000000   -491.8217429764   278.0000
   1.46833100   1.60429200   0.96798200   82.00000000   113.05478700   0.00000000   -491.8278458342   279.0000
   1.48000000   1.60429200   0.96798200   110.72852700   113.05478700   0.00000000   -491.8923847319   27.0000
   1.46833100   1.60429200   0.96798200   83.00000000   113.05478700   0.00000000   -491.8335294651   280.0000
   1.46833100   1.60429200   0.96798200   84.00000000   113.05478700   0.00000000   -491.8388212126   281.0000
   1.46833100   1.60429200   0.96798200   85.00000000   113.05478700   0.00000000   -491.8437462750   282.0000
   1.46833100   1.60429200   0.96798200   86.00000000   113.05478700   0.00000000   -491.8483278623   283.0000
   1.46833100   1.60429200   0.96798200   87.00000000   113.05478700   0.00000000   -491.8525873462   284.0000
   1.46833100   1.60429200   0.96798200   88.00000000   113.05478700   0.00000000   -491.8565444018   285.0000
   1.46833100   1.60429200   0.96798200   89.00000000   113.05478700   0.00000000   -491.8602171409   286.0000
   1.46833100   1.60429200   0.96798200   90.00000000   113.05478700   0.00000000   -491.8636222372   287.0000
   1.46833100   1.60429200   0.96798200   91.00000000   113.05478700   0.00000000   -491.8667750419   288.0000
   1.46833100   1.60429200   0.96798200   92.00000000   113.05478700   0.00000000   -491.8696896925   289.0000
   1.49000000   1.60429200   0.96798200   110.72852700   113.05478700   0.00000000   -491.8920882034   28.0000
   1.46833100   1.60429200   0.96798200   93.00000000   113.05478700   0.00000000   -491.8723792123   290.0000
   1.46833100   1.60429200   0.96798200   94.00000000   113.05478700   0.00000000   -491.8748556035   291.0000
   1.46833100   1.60429200   0.96798200   95.00000000   113.05478700   0.00000000   -491.8771299319   292.0000
   1.46833100   1.60429200   0.96798200   96.00000000   113.05478700   0.00000000   -491.8792124062   293.0000
   1.46833100   1.60429200   0.96798200   97.00000000   113.05478700   0.00000000   -491.8811124505   294.0000
   1.46833100   1.60429200   0.96798200   98.00000000   113.05478700   0.00000000   -491.8828387704   295.0000
   1.46833100   1.60429200   0.96798200   99.00000000   113.05478700   0.00000000   -491.8843994151   296.0000
   1.46833100   1.60429200   0.96798200   100.00000000   113.05478700   0.00000000   -491.8858018333   297.0000
   1.46833100   1.60429200   0.96798200   101.00000000   113.05478700   0.00000000   -491.8870529253   298.0000
   1.46833100   1.60429200   0.96798200   102.00000000   113.05478700   0.00000000   -491.8881590903   299.0000
   1.50000000   1.60429200   0.96798200   110.72852700   113.05478700   0.00000000   -491.8915868159   29.0000
   1.23000000   1.60429200   0.96798200   110.72852700   113.05478700   0.00000000   -491.7782274635   2.0000
   1.46833100   1.60429200   0.96798200   103.00000000   113.05478700   0.00000000   -491.8891262702   300.0000
   1.46833100   1.60429200   0.96798200   104.00000000   113.05478700   0.00000000   -491.8899599892   301.0000
   1.46833100   1.60429200   0.96798200   105.00000000   113.05478700   0.00000000   -491.8906653907   302.0000
   1.46833100   1.60429200   0.96798200   106.00000000   113.05478700   0.00000000   -491.8912472702   303.0000
   1.46833100   1.60429200   0.96798200   107.00000000   113.05478700   0.00000000   -491.8917101062   304.0000
   1.46833100   1.60429200   0.96798200   108.00000000   113.05478700   0.00000000   -491.8920580871   305.0000
   1.46833100   1.60429200   0.96798200   109.00000000   113.05478700   0.00000000   -491.8922951373   306.0000
   1.46833100   1.60429200   0.96798200   110.00000000   113.05478700   0.00000000   -491.8924249396   307.0000
   1.46833100   1.60429200   0.96798200   111.00000000   113.05478700   0.00000000   -491.8924509565   308.0000
   1.46833100   1.60429200   0.96798200   112.00000000   113.05478700   0.00000000   -491.8923764494   309.0000
   1.51000000   1.60429200   0.96798200   110.72852700   113.05478700   0.00000000   -491.8908931950   30.0000
   1.46833100   1.60429200   0.96798200   113.00000000   113.05478700   0.00000000   -491.8922044963   310.0000
   1.46833100   1.60429200   0.96798200   114.00000000   113.05478700   0.00000000   -491.8919380082   311.0000
   1.46833100   1.60429200   0.96798200   115.00000000   113.05478700   0.00000000   -491.8915797436   312.0000
   1.46833100   1.60429200   0.96798200   116.00000000   113.05478700   0.00000000   -491.8911323236   313.0000
   1.46833100   1.60429200   0.96798200   117.00000000   113.05478700   0.00000000   -491.8905982438   314.0000
   1.46833100   1.60429200   0.96798200   118.00000000   113.05478700   0.00000000   -491.8899798877   315.0000
   1.46833100   1.60429200   0.96798200   119.00000000   113.05478700   0.00000000   -491.8892795375   316.0000
   1.46833100   1.60429200   0.96798200   120.00000000   113.05478700   0.00000000   -491.8884993853   317.0000
   1.46833100   1.60429200   0.96798200   121.00000000   113.05478700   0.00000000   -491.8876415437   318.0000
   1.46833100   1.60429200   0.96798200   122.00000000   113.05478700   0.00000000   -491.8867080554   319.0000
   1.52000000   1.60429200   0.96798200   110.72852700   113.05478700   0.00000000   -491.8900193291   31.0000
   1.46833100   1.60429200   0.96798200   123.00000000   113.05478700   0.00000000   -491.8857009028   320.0000
   1.46833100   1.60429200   0.96798200   124.00000000   113.05478700   0.00000000   -491.8846220169   321.0000
   1.46833100   1.60429200   0.96798200   125.00000000   113.05478700   0.00000000   -491.8834732863   322.0000
   1.46833100   1.60429200   0.96798200   126.00000000   113.05478700   0.00000000   -491.8822565651   323.0000
   1.46833100   1.60429200   0.96798200   127.00000000   113.05478700   0.00000000   -491.8809736816   324.0000
   1.46833100   1.60429200   0.96798200   128.00000000   113.05478700   0.00000000   -491.8796264457   325.0000
   1.46833100   1.60429200   0.96798200   129.00000000   113.05478700   0.00000000   -491.8782166568   326.0000
   1.46833100   1.60429200   0.96798200   130.00000000   113.05478700   0.00000000   -491.8767461115   327.0000
   1.46833100   1.60429200   0.96798200   131.00000000   113.05478700   0.00000000   -491.8752166109   328.0000
   1.46833100   1.60429200   0.96798200   132.00000000   113.05478700   0.00000000   -491.8736299682   329.0000
   1.53000000   1.60429200   0.96798200   110.72852700   113.05478700   0.00000000   -491.8889766001   32.0000
   1.46833100   1.60429200   0.96798200   133.00000000   113.05478700   0.00000000   -491.8719880162   330.0000
   1.46833100   1.60429200   0.96798200   134.00000000   113.05478700   0.00000000   -491.8702926147   331.0000
   1.46833100   1.60429200   0.96798200   135.00000000   113.05478700   0.00000000   -491.8685456581   332.0000
   1.46833100   1.60429200   0.96798200   136.00000000   113.05478700   0.00000000   -491.8667490840   333.0000
   1.46833100   1.60429200   0.96798200   137.00000000   113.05478700   0.00000000   -491.8649048801   334.0000
   1.46833100   1.60429200   0.96798200   138.00000000   113.05478700   0.00000000   -491.8630150936   335.0000
   1.46833100   1.60429200   0.96798200   139.00000000   113.05478700   0.00000000   -491.8610818395   336.0000
   1.46833100   1.60429200   0.96798200   140.00000000   113.05478700   0.00000000   -491.8591073094   337.0000
   1.46833100   1.60429200   0.96798200   141.00000000   113.05478700   0.00000000   -491.8570937818   338.0000
   1.46833100   1.60429200   0.96798200   142.00000000   113.05478700   0.00000000   -491.8550436311   339.0000
   1.54000000   1.60429200   0.96798200   110.72852700   113.05478700   0.00000000   -491.8877758145   33.0000
   1.46833100   1.60429200   0.96798200   143.00000000   113.05478700   0.00000000   -491.8529593384   340.0000
   1.46833100   1.60429200   0.96798200   144.00000000   113.05478700   0.00000000   -491.8508435026   341.0000
   1.46833100   1.60429200   0.96798200   145.00000000   113.05478700   0.00000000   -491.8486988508   342.0000
   1.46833100   1.60429200   0.96798200   146.00000000   113.05478700   0.00000000   -491.8465282503   343.0000
   1.46833100   1.60429200   0.96798200   147.00000000   113.05478700   0.00000000   -491.8443347202   344.0000
   1.46833100   1.60429200   0.96798200   148.00000000   113.05478700   0.00000000   -491.8421214434   345.0000
   1.46833100   1.60429200   0.96798200   149.00000000   113.05478700   0.00000000   -491.8398917777   346.0000
   1.46833100   1.60429200   0.96798200   150.00000000   113.05478700   0.00000000   -491.8376492683   347.0000
   1.46833100   1.60429200   0.96798200   151.00000000   113.05478700   0.00000000   -491.8353976577   348.0000
   1.46833100   1.60429200   0.96798200   152.00000000   113.05478700   0.00000000   -491.8331408958   349.0000
   1.55000000   1.60429200   0.96798200   110.72852700   113.05478700   0.00000000   -491.8864272313   34.0000
   1.46833100   1.60429200   0.96798200   153.00000000   113.05478700   0.00000000   -491.8308831485   350.0000
   1.46833100   1.60429200   0.96798200   154.00000000   113.05478700   0.00000000   -491.8286287989   351.0000
   1.46833100   1.60429200   0.96798200   155.00000000   113.05478700   0.00000000   -491.8263824706   352.0000
   1.46833100   1.60429200   0.96798200   156.00000000   113.05478700   0.00000000   -491.8241489993   353.0000
   1.46833100   1.60429200   0.96798200   157.00000000   113.05478700   0.00000000   -491.8219334483   354.0000
   1.46833100   1.60429200   0.96798200   158.00000000   113.05478700   0.00000000   -491.8197410958   355.0000
   1.46833100   1.60429200   0.96798200   159.00000000   113.05478700   0.00000000   -491.8175774246   356.0000
   1.46833100   1.60429200   0.96798200   160.00000000   113.05478700   0.00000000   -491.8154480775   357.0000
   1.46833100   1.60429200   0.96798200   161.00000000   113.05478700   0.00000000   -491.8133588853   358.0000
   1.46833100   1.60429200   0.96798200   162.00000000   113.05478700   0.00000000   -491.8113157604   359.0000
   1.56000000   1.60429200   0.96798200   110.72852700   113.05478700   0.00000000   -491.8849405892   35.0000
   1.46833100   1.60429200   0.96798200   163.00000000   113.05478700   0.00000000   -491.8093247121   360.0000
   1.46833100   1.60429200   0.96798200   164.00000000   113.05478700   0.00000000   -491.8073917710   361.0000
   1.46833100   1.60429200   0.96798200   165.00000000   113.05478700   0.00000000   -491.8055229406   362.0000
   1.46833100   1.60429200   0.96798200   166.00000000   113.05478700   0.00000000   -491.8037241366   363.0000
   1.46833100   1.60429200   0.96798200   167.00000000   113.05478700   0.00000000   -491.8020011259   364.0000
   1.46833100   1.60429200   0.96798200   168.00000000   113.05478700   0.00000000   -491.8003594578   365.0000
   1.46833100   1.60429200   0.96798200   169.00000000   113.05478700   0.00000000   -491.7988044352   366.0000
   1.46833100   1.60429200   0.96798200   170.00000000   113.05478700   0.00000000   -491.7973410188   367.0000
   1.46833100   1.60429200   0.96798200   171.00000000   113.05478700   0.00000000   -491.7959738127   368.0000
   1.46833100   1.60429200   0.96798200   172.00000000   113.05478700   0.00000000   -491.7947070255   369.0000
   1.57000000   1.60429200   0.96798200   110.72852700   113.05478700   0.00000000   -491.8833251326   36.0000
   1.46833100   1.60429200   0.96798200   173.00000000   113.05478700   0.00000000   -491.7935444518   370.0000
   1.46833100   1.60429200   0.96798200   174.00000000   113.05478700   0.00000000   -491.7924894757   371.0000
   1.46833100   1.60429200   0.96798200   175.00000000   113.05478700   0.00000000   -491.7915450531   372.0000
   1.46833100   1.60429200   0.96798200   176.00000000   113.05478700   0.00000000   -491.7907137723   373.0000
   1.46833100   1.60429200   0.96798200   177.00000000   113.05478700   0.00000000   -491.7899978602   374.0000
   1.46833100   1.60429200   0.96798200   178.00000000   113.05478700   0.00000000   -491.7893992256   375.0000
   1.46833100   1.60429200   0.96798200   179.00000000   113.05478700   0.00000000   -491.7889194975   376.0000
   1.46833100   1.60429200   0.96798200   110.72852700   55.00000000   0.00000000   -491.7863332351   377.0000
   1.46833100   1.60429200   0.96798200   110.72852700   56.00000000   0.00000000   -491.7922239980   378.0000
   1.46833100   1.60429200   0.96798200   110.72852700   57.00000000   0.00000000   -491.7977865294   379.0000
   1.58000000   1.60429200   0.96798200   110.72852700   113.05478700   0.00000000   -491.8815896360   37.0000
   1.46833100   1.60429200   0.96798200   110.72852700   58.00000000   0.00000000   -491.8030421703   380.0000
   1.46833100   1.60429200   0.96798200   110.72852700   59.00000000   0.00000000   -491.8080108131   381.0000
   1.46833100   1.60429200   0.96798200   110.72852700   60.00000000   0.00000000   -491.8127109735   382.0000
   1.46833100   1.60429200   0.96798200   110.72852700   61.00000000   0.00000000   -491.8171598625   383.0000
   1.46833100   1.60429200   0.96798200   110.72852700   62.00000000   0.00000000   -491.8213734578   384.0000
   1.46833100   1.60429200   0.96798200   110.72852700   63.00000000   0.00000000   -491.8253665761   385.0000
   1.46833100   1.60429200   0.96798200   110.72852700   64.00000000   0.00000000   -491.8291529439   386.0000
   1.46833100   1.60429200   0.96798200   110.72852700   65.00000000   0.00000000   -491.8327452658   387.0000
   1.46833100   1.60429200   0.96798200   110.72852700   66.00000000   0.00000000   -491.8361552928   388.0000
   1.46833100   1.60429200   0.96798200   110.72852700   67.00000000   0.00000000   -491.8393938877   389.0000
   1.59000000   1.60429200   0.96798200   110.72852700   113.05478700   0.00000000   -491.8797424274   38.0000
   1.46833100   1.60429200   0.96798200   110.72852700   68.00000000   0.00000000   -491.8424710873   390.0000
   1.46833100   1.60429200   0.96798200   110.72852700   69.00000000   0.00000000   -491.8453961634   391.0000
   1.46833100   1.60429200   0.96798200   110.72852700   70.00000000   0.00000000   -491.8481776793   392.0000
   1.46833100   1.60429200   0.96798200   110.72852700   71.00000000   0.00000000   -491.8508235446   393.0000
   1.46833100   1.60429200   0.96798200   110.72852700   72.00000000   0.00000000   -491.8533410656   394.0000
   1.46833100   1.60429200   0.96798200   110.72852700   73.00000000   0.00000000   -491.8557369932   395.0000
   1.46833100   1.60429200   0.96798200   110.72852700   74.00000000   0.00000000   -491.8580175676   396.0000
   1.46833100   1.60429200   0.96798200   110.72852700   75.00000000   0.00000000   -491.8601885593   397.0000
   1.46833100   1.60429200   0.96798200   110.72852700   76.00000000   0.00000000   -491.8622553074   398.0000
   1.46833100   1.60429200   0.96798200   110.72852700   77.00000000   0.00000000   -491.8642227556   399.0000
   1.60000000   1.60429200   0.96798200   110.72852700   113.05478700   0.00000000   -491.8777914100   39.0000
   1.24000000   1.60429200   0.96798200   110.72852700   113.05478700   0.00000000   -491.7899275914   3.0000
   1.46833100   1.60429200   0.96798200   110.72852700   78.00000000   0.00000000   -491.8660954839   400.0000
   1.46833100   1.60429200   0.96798200   110.72852700   79.00000000   0.00000000   -491.8678777399   401.0000
   1.46833100   1.60429200   0.96798200   110.72852700   80.00000000   0.00000000   -491.8695734655   402.0000
   1.46833100   1.60429200   0.96798200   110.72852700   81.00000000   0.00000000   -491.8711863232   403.0000
   1.46833100   1.60429200   0.96798200   110.72852700   82.00000000   0.00000000   -491.8727197192   404.0000
   1.46833100   1.60429200   0.96798200   110.72852700   83.00000000   0.00000000   -491.8741768254   405.0000
   1.46833100   1.60429200   0.96798200   110.72852700   84.00000000   0.00000000   -491.8755605989   406.0000
   1.46833100   1.60429200   0.96798200   110.72852700   85.00000000   0.00000000   -491.8768738006   407.0000
   1.46833100   1.60429200   0.96798200   110.72852700   86.00000000   0.00000000   -491.8781190117   408.0000
   1.46833100   1.60429200   0.96798200   110.72852700   87.00000000   0.00000000   -491.8792986495   409.0000
   1.61000000   1.60429200   0.96798200   110.72852700   113.05478700   0.00000000   -491.8757440756   40.0000
   1.46833100   1.60429200   0.96798200   110.72852700   88.00000000   0.00000000   -491.8804149813   410.0000
   1.46833100   1.60429200   0.96798200   110.72852700   89.00000000   0.00000000   -491.8814701373   411.0000
   1.46833100   1.60429200   0.96798200   110.72852700   90.00000000   0.00000000   -491.8824661228   412.0000
   1.46833100   1.60429200   0.96798200   110.72852700   91.00000000   0.00000000   -491.8834048289   413.0000
   1.46833100   1.60429200   0.96798200   110.72852700   92.00000000   0.00000000   -491.8842880423   414.0000
   1.46833100   1.60429200   0.96798200   110.72852700   93.00000000   0.00000000   -491.8851174550   415.0000
   1.46833100   1.60429200   0.96798200   110.72852700   94.00000000   0.00000000   -491.8858946720   416.0000
   1.46833100   1.60429200   0.96798200   110.72852700   95.00000000   0.00000000   -491.8866212196   417.0000
   1.46833100   1.60429200   0.96798200   110.72852700   96.00000000   0.00000000   -491.8872985523   418.0000
   1.46833100   1.60429200   0.96798200   110.72852700   97.00000000   0.00000000   -491.8879280591   419.0000
   1.62000000   1.60429200   0.96798200   110.72852700   113.05478700   0.00000000   -491.8736075582   41.0000
   1.46833100   1.60429200   0.96798200   110.72852700   98.00000000   0.00000000   -491.8885110696   420.0000
   1.46833100   1.60429200   0.96798200   110.72852700   99.00000000   0.00000000   -491.8890488600   421.0000
   1.46833100   1.60429200   0.96798200   110.72852700   100.00000000   0.00000000   -491.8895426575   422.0000
   1.46833100   1.60429200   0.96798200   110.72852700   101.00000000   0.00000000   -491.8899936457   423.0000
   1.46833100   1.60429200   0.96798200   110.72852700   102.00000000   0.00000000   -491.8904029683   424.0000
   1.46833100   1.60429200   0.96798200   110.72852700   103.00000000   0.00000000   -491.8907717338   425.0000
   1.46833100   1.60429200   0.96798200   110.72852700   104.00000000   0.00000000   -491.8911010188   426.0000
   1.46833100   1.60429200   0.96798200   110.72852700   105.00000000   0.00000000   -491.8913918715   427.0000
   1.46833100   1.60429200   0.96798200   110.72852700   106.00000000   0.00000000   -491.8916453150   428.0000
   1.46833100   1.60429200   0.96798200   110.72852700   107.00000000   0.00000000   -491.8918623499   429.0000
   1.63000000   1.60429200   0.96798200   110.72852700   113.05478700   0.00000000   -491.8713886028   42.0000
   1.46833100   1.60429200   0.96798200   110.72852700   108.00000000   0.00000000   -491.8920439571   430.0000
   1.46833100   1.60429200   0.96798200   110.72852700   109.00000000   0.00000000   -491.8921911004   431.0000
   1.46833100   1.60429200   0.96798200   110.72852700   110.00000000   0.00000000   -491.8923047281   432.0000
   1.46833100   1.60429200   0.96798200   110.72852700   111.00000000   0.00000000   -491.8923857756   433.0000
   1.46833100   1.60429200   0.96798200   110.72852700   112.00000000   0.00000000   -491.8924351668   434.0000
   1.46833100   1.60429200   0.96798200   110.72852700   113.00000000   0.00000000   -491.8924538160   435.0000
   1.46833100   1.60429200   0.96798200   110.72852700   114.00000000   0.00000000   -491.8924426290   436.0000
   1.46833100   1.60429200   0.96798200   110.72852700   115.00000000   0.00000000   -491.8924025050   437.0000
   1.46833100   1.60429200   0.96798200   110.72852700   116.00000000   0.00000000   -491.8923343371   438.0000
   1.46833100   1.60429200   0.96798200   110.72852700   117.00000000   0.00000000   -491.8922390138   439.0000
   1.64000000   1.60429200   0.96798200   110.72852700   113.05478700   0.00000000   -491.8690936166   43.0000
   1.46833100   1.60429200   0.96798200   110.72852700   118.00000000   0.00000000   -491.8921174199   440.0000
   1.46833100   1.60429200   0.96798200   110.72852700   119.00000000   0.00000000   -491.8919704371   441.0000
   1.46833100   1.60429200   0.96798200   110.72852700   120.00000000   0.00000000   -491.8917989453   442.0000
   1.46833100   1.60429200   0.96798200   110.72852700   121.00000000   0.00000000   -491.8916038224   443.0000
   1.46833100   1.60429200   0.96798200   110.72852700   122.00000000   0.00000000   -491.8913859458   444.0000
   1.46833100   1.60429200   0.96798200   110.72852700   123.00000000   0.00000000   -491.8911461922   445.0000
   1.46833100   1.60429200   0.96798200   110.72852700   124.00000000   0.00000000   -491.8908854384   446.0000
   1.46833100   1.60429200   0.96798200   110.72852700   125.00000000   0.00000000   -491.8906045616   447.0000
   1.46833100   1.60429200   0.96798200   110.72852700   126.00000000   0.00000000   -491.8903044395   448.0000
   1.46833100   1.60429200   0.96798200   110.72852700   127.00000000   0.00000000   -491.8899859506   449.0000
   1.65000000   1.60429200   0.96798200   110.72852700   113.05478700   0.00000000   -491.8667286787   44.0000
   1.46833100   1.60429200   0.96798200   110.72852700   128.00000000   0.00000000   -491.8896499746   450.0000
   1.46833100   1.60429200   0.96798200   110.72852700   129.00000000   0.00000000   -491.8892973924   451.0000
   1.46833100   1.60429200   0.96798200   110.72852700   130.00000000   0.00000000   -491.8889290859   452.0000
   1.46833100   1.60429200   0.96798200   110.72852700   131.00000000   0.00000000   -491.8885459387   453.0000
   1.46833100   1.60429200   0.96798200   110.72852700   132.00000000   0.00000000   -491.8881488351   454.0000
   1.46833100   1.60429200   0.96798200   110.72852700   133.00000000   0.00000000   -491.8877386611   455.0000
   1.46833100   1.60429200   0.96798200   110.72852700   134.00000000   0.00000000   -491.8873163036   456.0000
   1.46833100   1.60429200   0.96798200   110.72852700   135.00000000   0.00000000   -491.8868826506   457.0000
   1.46833100   1.60429200   0.96798200   110.72852700   136.00000000   0.00000000   -491.8864385909   458.0000
   1.46833100   1.60429200   0.96798200   110.72852700   137.00000000   0.00000000   -491.8859850138   459.0000
   1.66000000   1.60429200   0.96798200   110.72852700   113.05478700   0.00000000   -491.8642995565   45.0000
   1.46833100   1.60429200   0.96798200   110.72852700   138.00000000   0.00000000   -491.8855228091   460.0000
   1.46833100   1.60429200   0.96798200   110.72852700   139.00000000   0.00000000   -491.8850528665   461.0000
   1.46833100   1.60429200   0.96798200   110.72852700   140.00000000   0.00000000   -491.8845760758   462.0000
   1.46833100   1.60429200   0.96798200   110.72852700   141.00000000   0.00000000   -491.8840933257   463.0000
   1.46833100   1.60429200   0.96798200   110.72852700   142.00000000   0.00000000   -491.8836055041   464.0000
   1.46833100   1.60429200   0.96798200   110.72852700   143.00000000   0.00000000   -491.8831134973   465.0000
   1.46833100   1.60429200   0.96798200   110.72852700   144.00000000   0.00000000   -491.8826181894   466.0000
   1.46833100   1.60429200   0.96798200   110.72852700   145.00000000   0.00000000   -491.8821204622   467.0000
   1.46833100   1.60429200   0.96798200   110.72852700   146.00000000   0.00000000   -491.8816211940   468.0000
   1.46833100   1.60429200   0.96798200   110.72852700   147.00000000   0.00000000   -491.8811212595   469.0000
   1.67000000   1.60429200   0.96798200   110.72852700   113.05478700   0.00000000   -491.8618117213   46.0000
   1.46833100   1.60429200   0.96798200   110.72852700   148.00000000   0.00000000   -491.8806215288   470.0000
   1.46833100   1.60429200   0.96798200   110.72852700   149.00000000   0.00000000   -491.8801228669   471.0000
   1.46833100   1.60429200   0.96798200   110.72852700   150.00000000   0.00000000   -491.8796261327   472.0000
   1.46833100   1.60429200   0.96798200   110.72852700   151.00000000   0.00000000   -491.8791321785   473.0000
   1.46833100   1.60429200   0.96798200   110.72852700   152.00000000   0.00000000   -491.8786418491   474.0000
   1.46833100   1.60429200   0.96798200   110.72852700   153.00000000   0.00000000   -491.8781559808   475.0000
   1.46833100   1.60429200   0.96798200   110.72852700   154.00000000   0.00000000   -491.8776754008   476.0000
   1.46833100   1.60429200   0.96798200   110.72852700   155.00000000   0.00000000   -491.8772009261   477.0000
   1.46833100   1.60429200   0.96798200   110.72852700   156.00000000   0.00000000   -491.8767333626   478.0000
   1.46833100   1.60429200   0.96798200   110.72852700   157.00000000   0.00000000   -491.8762735042   479.0000
   1.68000000   1.60429200   0.96798200   110.72852700   113.05478700   0.00000000   -491.8592703641   47.0000
   1.46833100   1.60429200   0.96798200   110.72852700   158.00000000   0.00000000   -491.8758221316   480.0000
   1.46833100   1.60429200   0.96798200   110.72852700   159.00000000   0.00000000   -491.8753800115   481.0000
   1.46833100   1.60429200   0.96798200   110.72852700   160.00000000   0.00000000   -491.8749478954   482.0000
   1.46833100   1.60429200   0.96798200   110.72852700   161.00000000   0.00000000   -491.8745265184   483.0000
   1.46833100   1.60429200   0.96798200   110.72852700   162.00000000   0.00000000   -491.8741165983   484.0000
   1.46833100   1.60429200   0.96798200   110.72852700   163.00000000   0.00000000   -491.8737188342   485.0000
   1.46833100   1.60429200   0.96798200   110.72852700   164.00000000   0.00000000   -491.8733339056   486.0000
   1.46833100   1.60429200   0.96798200   110.72852700   165.00000000   0.00000000   -491.8729624706   487.0000
   1.46833100   1.60429200   0.96798200   110.72852700   166.00000000   0.00000000   -491.8726051654   488.0000
   1.46833100   1.60429200   0.96798200   110.72852700   167.00000000   0.00000000   -491.8722626023   489.0000
   1.69000000   1.60429200   0.96798200   110.72852700   113.05478700   0.00000000   -491.8566804095   48.0000
   1.46833100   1.60429200   0.96798200   110.72852700   168.00000000   0.00000000   -491.8719353688   490.0000
   1.46833100   1.60429200   0.96798200   110.72852700   169.00000000   0.00000000   -491.8716240264   491.0000
   1.46833100   1.60429200   0.96798200   110.72852700   170.00000000   0.00000000   -491.8713291090   492.0000
   1.46833100   1.60429200   0.96798200   110.72852700   171.00000000   0.00000000   -491.8710511217   493.0000
   1.46833100   1.60429200   0.96798200   110.72852700   172.00000000   0.00000000   -491.8707905396   494.0000
   1.46833100   1.60429200   0.96798200   110.72852700   173.00000000   0.00000000   -491.8705478069   495.0000
   1.46833100   1.60429200   0.96798200   110.72852700   174.00000000   0.00000000   -491.8703233350   496.0000
   1.46833100   1.60429200   0.96798200   110.72852700   175.00000000   0.00000000   -491.8701175021   497.0000
   1.46833100   1.60429200   0.96798200   110.72852700   176.00000000   0.00000000   -491.8699306520   498.0000
   1.46833100   1.60429200   0.96798200   110.72852700   177.00000000   0.00000000   -491.8697630930   499.0000
   1.70000000   1.60429200   0.96798200   110.72852700   113.05478700   0.00000000   -491.8540465299   49.0000
   1.25000000   1.60429200   0.96798200   110.72852700   113.05478700   0.00000000   -491.8007604602   4.0000
   1.46833100   1.60429200   0.96798200   110.72852700   178.00000000   0.00000000   -491.8696150973   500.0000
   1.46833100   1.60429200   0.96798200   110.72852700   179.00000000   0.00000000   -491.8694869003   501.0000
   1.46833100   1.60429200   0.96798200   110.72852700   180.00000000   0.00000000   -491.8693786999   502.0000
   1.46833100   1.60429200   0.96798200   110.72852700   113.05478700   0.00000000   -491.8924539674   503.0000
   1.46833100   1.60429200   0.96798200   110.72852700   113.05478700   1.00000000   -491.8924496963   504.0000
   1.46833100   1.60429200   0.96798200   110.72852700   113.05478700   2.00000000   -491.8924368876   505.0000
   1.46833100   1.60429200   0.96798200   110.72852700   113.05478700   3.00000000   -491.8924155557   506.0000
   1.46833100   1.60429200   0.96798200   110.72852700   113.05478700   4.00000000   -491.8923857241   507.0000
   1.46833100   1.60429200   0.96798200   110.72852700   113.05478700   5.00000000   -491.8923474257   508.0000
   1.46833100   1.60429200   0.96798200   110.72852700   113.05478700   6.00000000   -491.8923007031   509.0000
   1.71000000   1.60429200   0.96798200   110.72852700   113.05478700   0.00000000   -491.8513731586   50.0000
   1.46833100   1.60429200   0.96798200   110.72852700   113.05478700   7.00000000   -491.8922456078   510.0000
   1.46833100   1.60429200   0.96798200   110.72852700   113.05478700   8.00000000   -491.8921822009   511.0000
   1.46833100   1.60429200   0.96798200   110.72852700   113.05478700   9.00000000   -491.8921105524   512.0000
   1.46833100   1.60429200   0.96798200   110.72852700   113.05478700   10.00000000   -491.8920307413   513.0000
   1.46833100   1.60429200   0.96798200   110.72852700   113.05478700   11.00000000   -491.8919428559   514.0000
   1.46833100   1.60429200   0.96798200   110.72852700   113.05478700   12.00000000   -491.8918469932   515.0000
   1.46833100   1.60429200   0.96798200   110.72852700   113.05478700   13.00000000   -491.8917432587   516.0000
   1.46833100   1.60429200   0.96798200   110.72852700   113.05478700   14.00000000   -491.8916317668   517.0000
   1.46833100   1.60429200   0.96798200   110.72852700   113.05478700   15.00000000   -491.8915126402   518.0000
   1.46833100   1.60429200   0.96798200   110.72852700   113.05478700   16.00000000   -491.8913860100   519.0000
   1.72000000   1.60429200   0.96798200   110.72852700   113.05478700   0.00000000   -491.8486645029   51.0000
   1.46833100   1.60429200   0.96798200   110.72852700   113.05478700   17.00000000   -491.8912520155   520.0000
   1.46833100   1.60429200   0.96798200   110.72852700   113.05478700   18.00000000   -491.8911108037   521.0000
   1.46833100   1.60429200   0.96798200   110.72852700   113.05478700   19.00000000   -491.8909625297   522.0000
   1.46833100   1.60429200   0.96798200   110.72852700   113.05478700   20.00000000   -491.8908073561   523.0000
   1.46833100   1.60429200   0.96798200   110.72852700   113.05478700   21.00000000   -491.8906454530   524.0000
   1.46833100   1.60429200   0.96798200   110.72852700   113.05478700   22.00000000   -491.8904769976   525.0000
   1.46833100   1.60429200   0.96798200   110.72852700   113.05478700   23.00000000   -491.8903021744   526.0000
   1.46833100   1.60429200   0.96798200   110.72852700   113.05478700   24.00000000   -491.8901211746   527.0000
   1.46833100   1.60429200   0.96798200   110.72852700   113.05478700   25.00000000   -491.8899341960   528.0000
   1.46833100   1.60429200   0.96798200   110.72852700   113.05478700   26.00000000   -491.8897414429   529.0000
   1.73000000   1.60429200   0.96798200   110.72852700   113.05478700   0.00000000   -491.8459245560   52.0000
   1.46833100   1.60429200   0.96798200   110.72852700   113.05478700   27.00000000   -491.8895431258   530.0000
   1.46833100   1.60429200   0.96798200   110.72852700   113.05478700   28.00000000   -491.8893394612   531.0000
   1.46833100   1.60429200   0.96798200   110.72852700   113.05478700   29.00000000   -491.8891306713   532.0000
   1.46833100   1.60429200   0.96798200   110.72852700   113.05478700   30.00000000   -491.8889169838   533.0000
   1.46833100   1.60429200   0.96798200   110.72852700   113.05478700   31.00000000   -491.8886986320   534.0000
   1.46833100   1.60429200   0.96798200   110.72852700   113.05478700   32.00000000   -491.8884758538   535.0000
   1.46833100   1.60429200   0.96798200   110.72852700   113.05478700   33.00000000   -491.8882488924   536.0000
   1.46833100   1.60429200   0.96798200   110.72852700   113.05478700   34.00000000   -491.8880179954   537.0000
   1.46833100   1.60429200   0.96798200   110.72852700   113.05478700   35.00000000   -491.8877834146   538.0000
   1.46833100   1.60429200   0.96798200   110.72852700   113.05478700   36.00000000   -491.8875454063   539.0000
   1.74000000   1.60429200   0.96798200   110.72852700   113.05478700   0.00000000   -491.8431571035   53.0000
   1.46833100   1.60429200   0.96798200   110.72852700   113.05478700   37.00000000   -491.8873042302   540.0000
   1.46833100   1.60429200   0.96798200   110.72852700   113.05478700   38.00000000   -491.8870601500   541.0000
   1.46833100   1.60429200   0.96798200   110.72852700   113.05478700   39.00000000   -491.8868134326   542.0000
   1.46833100   1.60429200   0.96798200   110.72852700   113.05478700   40.00000000   -491.8865643480   543.0000
   1.46833100   1.60429200   0.96798200   110.72852700   113.05478700   41.00000000   -491.8863131690   544.0000
   1.46833100   1.60429200   0.96798200   110.72852700   113.05478700   42.00000000   -491.8860601712   545.0000
   1.46833100   1.60429200   0.96798200   110.72852700   113.05478700   43.00000000   -491.8858056323   546.0000
   1.46833100   1.60429200   0.96798200   110.72852700   113.05478700   44.00000000   -491.8855498321   547.0000
   1.46833100   1.60429200   0.96798200   110.72852700   113.05478700   45.00000000   -491.8852930522   548.0000
   1.46833100   1.60429200   0.96798200   110.72852700   113.05478700   46.00000000   -491.8850355759   549.0000
   1.75000000   1.60429200   0.96798200   110.72852700   113.05478700   0.00000000   -491.8403657560   54.0000
   1.46833100   1.60429200   0.96798200   110.72852700   113.05478700   47.00000000   -491.8847776872   550.0000
   1.46833100   1.60429200   0.96798200   110.72852700   113.05478700   48.00000000   -491.8845196717   551.0000
   1.46833100   1.60429200   0.96798200   110.72852700   113.05478700   49.00000000   -491.8842618150   552.0000
   1.46833100   1.60429200   0.96798200   110.72852700   113.05478700   50.00000000   -491.8840044036   553.0000
   1.46833100   1.60429200   0.96798200   110.72852700   113.05478700   51.00000000   -491.8837477236   554.0000
   1.46833100   1.60429200   0.96798200   110.72852700   113.05478700   52.00000000   -491.8834920612   555.0000
   1.46833100   1.60429200   0.96798200   110.72852700   113.05478700   53.00000000   -491.8832377018   556.0000
   1.46833100   1.60429200   0.96798200   110.72852700   113.05478700   54.00000000   -491.8829849299   557.0000
   1.46833100   1.60429200   0.96798200   110.72852700   113.05478700   55.00000000   -491.8827340289   558.0000
   1.46833100   1.60429200   0.96798200   110.72852700   113.05478700   56.00000000   -491.8824852807   559.0000
   1.76000000   1.60429200   0.96798200   110.72852700   113.05478700   0.00000000   -491.8375539312   55.0000
   1.46833100   1.60429200   0.96798200   110.72852700   113.05478700   57.00000000   -491.8822389651   560.0000
   1.46833100   1.60429200   0.96798200   110.72852700   113.05478700   58.00000000   -491.8819953600   561.0000
   1.46833100   1.60429200   0.96798200   110.72852700   113.05478700   59.00000000   -491.8817547403   562.0000
   1.46833100   1.60429200   0.96798200   110.72852700   113.05478700   60.00000000   -491.8815173784   563.0000
   1.46833100   1.60429200   0.96798200   110.72852700   113.05478700   61.00000000   -491.8812835432   564.0000
   1.46833100   1.60429200   0.96798200   110.72852700   113.05478700   62.00000000   -491.8810535001   565.0000
   1.46833100   1.60429200   0.96798200   110.72852700   113.05478700   63.00000000   -491.8808275102   566.0000
   1.46833100   1.60429200   0.96798200   110.72852700   113.05478700   64.00000000   -491.8806058307   567.0000
   1.46833100   1.60429200   0.96798200   110.72852700   113.05478700   65.00000000   -491.8803887136   568.0000
   1.46833100   1.60429200   0.96798200   110.72852700   113.05478700   66.00000000   -491.8801764060   569.0000
   1.77000000   1.60429200   0.96798200   110.72852700   113.05478700   0.00000000   -491.8347248702   56.0000
   1.46833100   1.60429200   0.96798200   110.72852700   113.05478700   67.00000000   -491.8799691495   570.0000
   1.46833100   1.60429200   0.96798200   110.72852700   113.05478700   68.00000000   -491.8797671799   571.0000
   1.46833100   1.60429200   0.96798200   110.72852700   113.05478700   69.00000000   -491.8795707265   572.0000
   1.46833100   1.60429200   0.96798200   110.72852700   113.05478700   70.00000000   -491.8793800123   573.0000
   1.46833100   1.60429200   0.96798200   110.72852700   113.05478700   71.00000000   -491.8791952530   574.0000
   1.46833100   1.60429200   0.96798200   110.72852700   113.05478700   72.00000000   -491.8790166571   575.0000
   1.46833100   1.60429200   0.96798200   110.72852700   113.05478700   73.00000000   -491.8788444254   576.0000
   1.46833100   1.60429200   0.96798200   110.72852700   113.05478700   74.00000000   -491.8786787505   577.0000
   1.46833100   1.60429200   0.96798200   110.72852700   113.05478700   75.00000000   -491.8785198168   578.0000
   1.46833100   1.60429200   0.96798200   110.72852700   113.05478700   76.00000000   -491.8783677996   579.0000
   1.78000000   1.60429200   0.96798200   110.72852700   113.05478700   0.00000000   -491.8318816812   57.0000
   1.46833100   1.60429200   0.96798200   110.72852700   113.05478700   77.00000000   -491.8782228653   580.0000
   1.46833100   1.60429200   0.96798200   110.72852700   113.05478700   78.00000000   -491.8780851710   581.0000
   1.46833100   1.60429200   0.96798200   110.72852700   113.05478700   79.00000000   -491.8779548639   582.0000
   1.46833100   1.60429200   0.96798200   110.72852700   113.05478700   80.00000000   -491.8778320813   583.0000
   1.46833100   1.60429200   0.96798200   110.72852700   113.05478700   81.00000000   -491.8777169500   584.0000
   1.46833100   1.60429200   0.96798200   110.72852700   113.05478700   82.00000000   -491.8776095867   585.0000
   1.46833100   1.60429200   0.96798200   110.72852700   113.05478700   83.00000000   -491.8775100969   586.0000
   1.46833100   1.60429200   0.96798200   110.72852700   113.05478700   84.00000000   -491.8774185754   587.0000
   1.46833100   1.60429200   0.96798200   110.72852700   113.05478700   85.00000000   -491.8773351057   588.0000
   1.46833100   1.60429200   0.96798200   110.72852700   113.05478700   86.00000000   -491.8772597600   589.0000
   1.79000000   1.60429200   0.96798200   110.72852700   113.05478700   0.00000000   -491.8290273018   58.0000
   1.46833100   1.60429200   0.96798200   110.72852700   113.05478700   87.00000000   -491.8771925991   590.0000
   1.46833100   1.60429200   0.96798200   110.72852700   113.05478700   88.00000000   -491.8771336719   591.0000
   1.46833100   1.60429200   0.96798200   110.72852700   113.05478700   89.00000000   -491.8770830157   592.0000
   1.46833100   1.60429200   0.96798200   110.72852700   113.05478700   90.00000000   -491.8770406562   593.0000
   1.46833100   1.60429200   0.96798200   110.72852700   113.05478700   91.00000000   -491.8770066070   594.0000
   1.46833100   1.60429200   0.96798200   110.72852700   113.05478700   92.00000000   -491.8769808698   595.0000
   1.46833100   1.60429200   0.96798200   110.72852700   113.05478700   93.00000000   -491.8769634346   596.0000
   1.46833100   1.60429200   0.96798200   110.72852700   113.05478700   94.00000000   -491.8769542795   597.0000
   1.46833100   1.60429200   0.96798200   110.72852700   113.05478700   95.00000000   -491.8769533708   598.0000
   1.46833100   1.60429200   0.96798200   110.72852700   113.05478700   96.00000000   -491.8769606628   599.0000
   1.80000000   1.60429200   0.96798200   110.72852700   113.05478700   0.00000000   -491.8261645388   59.0000
   1.26000000   1.60429200   0.96798200   110.72852700   113.05478700   0.00000000   -491.8107721603   5.0000
   1.46833100   1.60429200   0.96798200   110.72852700   113.05478700   97.00000000   -491.8769760987   600.0000
   1.46833100   1.60429200   0.96798200   110.72852700   113.05478700   98.00000000   -491.8769996098   601.0000
   1.46833100   1.60429200   0.96798200   110.72852700   113.05478700   99.00000000   -491.8770311161   602.0000
   1.46833100   1.60429200   0.96798200   110.72852700   113.05478700   100.00000000   -491.8770705269   603.0000
   1.46833100   1.60429200   0.96798200   110.72852700   113.05478700   101.00000000   -491.8771177400   604.0000
   1.46833100   1.60429200   0.96798200   110.72852700   113.05478700   102.00000000   -491.8771726428   605.0000
   1.46833100   1.60429200   0.96798200   110.72852700   113.05478700   103.00000000   -491.8772351122   606.0000
   1.46833100   1.60429200   0.96798200   110.72852700   113.05478700   104.00000000   -491.8773050148   607.0000
   1.46833100   1.60429200   0.96798200   110.72852700   113.05478700   105.00000000   -491.8773822075   608.0000
   1.46833100   1.60429200   0.96798200   110.72852700   113.05478700   106.00000000   -491.8774665374   609.0000
   1.81000000   1.60429200   0.96798200   110.72852700   113.05478700   0.00000000   -491.8232960702   60.0000
   1.46833100   1.60429200   0.96798200   110.72852700   113.05478700   107.00000000   -491.8775578425   610.0000
   1.46833100   1.60429200   0.96798200   110.72852700   113.05478700   108.00000000   -491.8776559519   611.0000
   1.46833100   1.60429200   0.96798200   110.72852700   113.05478700   109.00000000   -491.8777606859   612.0000
   1.46833100   1.60429200   0.96798200   110.72852700   113.05478700   110.00000000   -491.8778718570   613.0000
   1.46833100   1.60429200   0.96798200   110.72852700   113.05478700   111.00000000   -491.8779892695   614.0000
   1.46833100   1.60429200   0.96798200   110.72852700   113.05478700   112.00000000   -491.8781127205   615.0000
   1.46833100   1.60429200   0.96798200   110.72852700   113.05478700   113.00000000   -491.8782420000   616.0000
   1.46833100   1.60429200   0.96798200   110.72852700   113.05478700   114.00000000   -491.8783768915   617.0000
   1.46833100   1.60429200   0.96798200   110.72852700   113.05478700   115.00000000   -491.8785171723   618.0000
   1.46833100   1.60429200   0.96798200   110.72852700   113.05478700   116.00000000   -491.8786626137   619.0000
   1.82000000   1.60429200   0.96798200   110.72852700   113.05478700   0.00000000   -491.8204244555   61.0000
   1.46833100   1.60429200   0.96798200   110.72852700   113.05478700   117.00000000   -491.8788129819   620.0000
   1.46833100   1.60429200   0.96798200   110.72852700   113.05478700   118.00000000   -491.8789680381   621.0000
   1.46833100   1.60429200   0.96798200   110.72852700   113.05478700   119.00000000   -491.8791275389   622.0000
   1.46833100   1.60429200   0.96798200   110.72852700   113.05478700   120.00000000   -491.8792912369   623.0000
   1.46833100   1.60429200   0.96798200   110.72852700   113.05478700   121.00000000   -491.8794588809   624.0000
   1.46833100   1.60429200   0.96798200   110.72852700   113.05478700   122.00000000   -491.8796302166   625.0000
   1.46833100   1.60429200   0.96798200   110.72852700   113.05478700   123.00000000   -491.8798049867   626.0000
   1.46833100   1.60429200   0.96798200   110.72852700   113.05478700   124.00000000   -491.8799829316   627.0000
   1.46833100   1.60429200   0.96798200   110.72852700   113.05478700   125.00000000   -491.8801637896   628.0000
   1.46833100   1.60429200   0.96798200   110.72852700   113.05478700   126.00000000   -491.8803472972   629.0000
   1.83000000   1.60429200   0.96798200   110.72852700   113.05478700   0.00000000   -491.8175521451   62.0000
   1.46833100   1.60429200   0.96798200   110.72852700   113.05478700   127.00000000   -491.8805331899   630.0000
   1.46833100   1.60429200   0.96798200   110.72852700   113.05478700   128.00000000   -491.8807212021   631.0000
   1.46833100   1.60429200   0.96798200   110.72852700   113.05478700   129.00000000   -491.8809110677   632.0000
   1.46833100   1.60429200   0.96798200   110.72852700   113.05478700   130.00000000   -491.8811025206   633.0000
   1.46833100   1.60429200   0.96798200   110.72852700   113.05478700   131.00000000   -491.8812952948   634.0000
   1.46833100   1.60429200   0.96798200   110.72852700   113.05478700   132.00000000   -491.8814891246   635.0000
   1.46833100   1.60429200   0.96798200   110.72852700   113.05478700   133.00000000   -491.8816837456   636.0000
   1.46833100   1.60429200   0.96798200   110.72852700   113.05478700   134.00000000   -491.8818788942   637.0000
   1.46833100   1.60429200   0.96798200   110.72852700   113.05478700   135.00000000   -491.8820743085   638.0000
   1.46833100   1.60429200   0.96798200   110.72852700   113.05478700   136.00000000   -491.8822697283   639.0000
   1.84000000   1.60429200   0.96798200   110.72852700   113.05478700   0.00000000   -491.8146814936   63.0000
   1.46833100   1.60429200   0.96798200   110.72852700   113.05478700   137.00000000   -491.8824648955   640.0000
   1.46833100   1.60429200   0.96798200   110.72852700   113.05478700   138.00000000   -491.8826595545   641.0000
   1.46833100   1.60429200   0.96798200   110.72852700   113.05478700   139.00000000   -491.8828534521   642.0000
   1.46833100   1.60429200   0.96798200   110.72852700   113.05478700   140.00000000   -491.8830463381   643.0000
   1.46833100   1.60429200   0.96798200   110.72852700   113.05478700   141.00000000   -491.8832379656   644.0000
   1.46833100   1.60429200   0.96798200   110.72852700   113.05478700   142.00000000   -491.8834280907   645.0000
   1.46833100   1.60429200   0.96798200   110.72852700   113.05478700   143.00000000   -491.8836164735   646.0000
   1.46833100   1.60429200   0.96798200   110.72852700   113.05478700   144.00000000   -491.8838028779   647.0000
   1.46833100   1.60429200   0.96798200   110.72852700   113.05478700   145.00000000   -491.8839870716   648.0000
   1.46833100   1.60429200   0.96798200   110.72852700   113.05478700   146.00000000   -491.8841688268   649.0000
   1.85000000   1.60429200   0.96798200   110.72852700   113.05478700   0.00000000   -491.8118147580   64.0000
   1.46833100   1.60429200   0.96798200   110.72852700   113.05478700   147.00000000   -491.8843479199   650.0000
   1.46833100   1.60429200   0.96798200   110.72852700   113.05478700   148.00000000   -491.8845241322   651.0000
   1.46833100   1.60429200   0.96798200   110.72852700   113.05478700   149.00000000   -491.8846972497   652.0000
   1.46833100   1.60429200   0.96798200   110.72852700   113.05478700   150.00000000   -491.8848670634   653.0000
   1.46833100   1.60429200   0.96798200   110.72852700   113.05478700   151.00000000   -491.8850333694   654.0000
   1.46833100   1.60429200   0.96798200   110.72852700   113.05478700   152.00000000   -491.8851959691   655.0000
   1.46833100   1.60429200   0.96798200   110.72852700   113.05478700   153.00000000   -491.8853546695   656.0000
   1.46833100   1.60429200   0.96798200   110.72852700   113.05478700   154.00000000   -491.8855092829   657.0000
   1.46833100   1.60429200   0.96798200   110.72852700   113.05478700   155.00000000   -491.8856596276   658.0000
   1.46833100   1.60429200   0.96798200   110.72852700   113.05478700   156.00000000   -491.8858055276   659.0000
   1.86000000   1.60429200   0.96798200   110.72852700   113.05478700   0.00000000   -491.8089541242   65.0000
   1.46833100   1.60429200   0.96798200   110.72852700   113.05478700   157.00000000   -491.8859468130   660.0000
   1.46833100   1.60429200   0.96798200   110.72852700   113.05478700   158.00000000   -491.8860833197   661.0000
   1.46833100   1.60429200   0.96798200   110.72852700   113.05478700   159.00000000   -491.8862148902   662.0000
   1.46833100   1.60429200   0.96798200   110.72852700   113.05478700   160.00000000   -491.8863413730   663.0000
   1.46833100   1.60429200   0.96798200   110.72852700   113.05478700   161.00000000   -491.8864626232   664.0000
   1.46833100   1.60429200   0.96798200   110.72852700   113.05478700   162.00000000   -491.8865785020   665.0000
   1.46833100   1.60429200   0.96798200   110.72852700   113.05478700   163.00000000   -491.8866888777   666.0000
   1.46833100   1.60429200   0.96798200   110.72852700   113.05478700   164.00000000   -491.8867936250   667.0000
   1.46833100   1.60429200   0.96798200   110.72852700   113.05478700   165.00000000   -491.8868926252   668.0000
   1.46833100   1.60429200   0.96798200   110.72852700   113.05478700   166.00000000   -491.8869857668   669.0000
   1.87000000   1.60429200   0.96798200   110.72852700   113.05478700   0.00000000   -491.8061017064   66.0000
   1.46833100   1.60429200   0.96798200   110.72852700   113.05478700   167.00000000   -491.8870729447   670.0000
   1.46833100   1.60429200   0.96798200   110.72852700   113.05478700   168.00000000   -491.8871540612   671.0000
   1.46833100   1.60429200   0.96798200   110.72852700   113.05478700   169.00000000   -491.8872290252   672.0000
   1.46833100   1.60429200   0.96798200   110.72852700   113.05478700   170.00000000   -491.8872977531   673.0000
   1.46833100   1.60429200   0.96798200   110.72852700   113.05478700   171.00000000   -491.8873601681   674.0000
   1.46833100   1.60429200   0.96798200   110.72852700   113.05478700   172.00000000   -491.8874162005   675.0000
   1.46833100   1.60429200   0.96798200   110.72852700   113.05478700   173.00000000   -491.8874657881   676.0000
   1.46833100   1.60429200   0.96798200   110.72852700   113.05478700   174.00000000   -491.8875088758   677.0000
   1.46833100   1.60429200   0.96798200   110.72852700   113.05478700   175.00000000   -491.8875454158   678.0000
   1.46833100   1.60429200   0.96798200   110.72852700   113.05478700   176.00000000   -491.8875753674   679.0000
   1.88000000   1.60429200   0.96798200   110.72852700   113.05478700   0.00000000   -491.8032595599   67.0000
   1.46833100   1.60429200   0.96798200   110.72852700   113.05478700   177.00000000   -491.8875986976   680.0000
   1.46833100   1.60429200   0.96798200   110.72852700   113.05478700   178.00000000   -491.8876153805   681.0000
   1.46833100   1.60429200   0.96798200   110.72852700   113.05478700   179.00000000   -491.8876253976   682.0000
   1.46833100   1.60429200   0.96798200   110.72852700   113.05478700   180.00000000   -491.8876287379   683.0000
   1.89000000   1.60429200   0.96798200   110.72852700   113.05478700   0.00000000   -491.8004296916   68.0000
   1.90000000   1.60429200   0.96798200   110.72852700   113.05478700   0.00000000   -491.7976140696   69.0000
   1.27000000   1.60429200   0.96798200   110.72852700   113.05478700   0.00000000   -491.8200064435   6.0000
   1.91000000   1.60429200   0.96798200   110.72852700   113.05478700   0.00000000   -491.7948146334   70.0000
   1.92000000   1.60429200   0.96798200   110.72852700   113.05478700   0.00000000   -491.7920333027   71.0000
   1.93000000   1.60429200   0.96798200   110.72852700   113.05478700   0.00000000   -491.7892719810   72.0000
   1.94000000   1.60429200   0.96798200   110.72852700   113.05478700   0.00000000   -491.7865325849   73.0000
   1.95000000   1.60429200   0.96798200   110.72852700   113.05478700   0.00000000   -491.7838170021   74.0000
   1.96000000   1.60429200   0.96798200   110.72852700   113.05478700   0.00000000   -491.7811271409   75.0000
   1.97000000   1.60429200   0.96798200   110.72852700   113.05478700   0.00000000   -491.7784649083   76.0000
   1.98000000   1.60429200   0.96798200   110.72852700   113.05478700   0.00000000   -491.7758322318   77.0000
   1.99000000   1.60429200   0.96798200   110.72852700   113.05478700   0.00000000   -491.7732309064   78.0000
   2.00000000   1.60429200   0.96798200   110.72852700   113.05478700   0.00000000   -491.7706628472   79.0000
   1.28000000   1.60429200   0.96798200   110.72852700   113.05478700   0.00000000   -491.8285048419   7.0000
   1.46833100   1.30000000   0.96798200   110.72852700   113.05478700   0.00000000   -491.7856718461   80.0000
   1.46833100   1.31000000   0.96798200   110.72852700   113.05478700   0.00000000   -491.7948774776   81.0000
   1.46833100   1.32000000   0.96798200   110.72852700   113.05478700   0.00000000   -491.8034781226   82.0000
   1.46833100   1.33000000   0.96798200   110.72852700   113.05478700   0.00000000   -491.8115053206   83.0000
   1.46833100   1.34000000   0.96798200   110.72852700   113.05478700   0.00000000   -491.8189890109   84.0000
   1.46833100   1.35000000   0.96798200   110.72852700   113.05478700   0.00000000   -491.8259576141   85.0000
   1.46833100   1.36000000   0.96798200   110.72852700   113.05478700   0.00000000   -491.8324381112   86.0000
   1.46833100   1.37000000   0.96798200   110.72852700   113.05478700   0.00000000   -491.8384561166   87.0000
   1.46833100   1.38000000   0.96798200   110.72852700   113.05478700   0.00000000   -491.8440359490   88.0000
   1.46833100   1.39000000   0.96798200   110.72852700   113.05478700   0.00000000   -491.8492006972   89.0000
   1.29000000   1.60429200   0.96798200   110.72852700   113.05478700   0.00000000   -491.8363067825   8.0000
   1.46833100   1.40000000   0.96798200   110.72852700   113.05478700   0.00000000   -491.8539722831   90.0000
   1.46833100   1.41000000   0.96798200   110.72852700   113.05478700   0.00000000   -491.8583715215   91.0000
   1.46833100   1.42000000   0.96798200   110.72852700   113.05478700   0.00000000   -491.8624181763   92.0000
   1.46833100   1.43000000   0.96798200   110.72852700   113.05478700   0.00000000   -491.8661310137   93.0000
   1.46833100   1.44000000   0.96798200   110.72852700   113.05478700   0.00000000   -491.8695278532   94.0000
   1.46833100   1.45000000   0.96798200   110.72852700   113.05478700   0.00000000   -491.8726256150   95.0000
   1.46833100   1.46000000   0.96798200   110.72852700   113.05478700   0.00000000   -491.8754403659   96.0000
   1.46833100   1.47000000   0.96798200   110.72852700   113.05478700   0.00000000   -491.8779873616   97.0000
   1.46833100   1.48000000   0.96798200   110.72852700   113.05478700   0.00000000   -491.8802810882   98.0000
   1.46833100   1.49000000   0.96798200   110.72852700   113.05478700   0.00000000   -491.8823353001   99.0000
   1.30000000   1.60429200   0.96798200   110.72852700   113.05478700   0.00000000   -491.8434496945   9.0000
