1.468331	1.3	0.967982	110.728527	113.054787	0	-492.2889818	80
1.468331	1.31	0.967982	110.728527	113.054787	0	-492.2978965	81
1.468331	1.32	0.967982	110.728527	113.054787	0	-492.3062113	82
1.468331	1.33	0.967982	110.728527	113.054787	0	-492.3139664	83
1.468331	1.34	0.967982	110.728527	113.054787	0	-492.3211867	84
1.468331	1.35	0.967982	110.728527	113.054787	0	-492.3279005	85
1.468331	1.36	0.967982	110.728527	113.054787	0	-492.3341344	86
1.468331	1.37	0.967982	110.728527	113.054787	0	-492.3399138	87
1.468331	1.38	0.967982	110.728527	113.054787	0	-492.3452625	88
1.468331	1.4	0.967982	110.728527	113.054787	0	-492.3547592	90
1.468331	1.41	0.967982	110.728527	113.054787	0	-492.3589492	91
1.468331	1.42	0.967982	110.728527	113.054787	0	-492.3627935	92
1.468331	1.43	0.967982	110.728527	113.054787	0	-492.366311	93
1.468331	1.44	0.967982	110.728527	113.054787	0	-492.3695186	94
1.468331	1.45	0.967982	110.728527	113.054787	0	-492.3724338	95
1.468331	1.46	0.967982	110.728527	113.054787	0	-492.3750722	96
1.468331	1.47	0.967982	110.728527	113.054787	0	-492.377449	97
1.468331	1.48	0.967982	110.728527	113.054787	0	-492.3795784	98
1.468331	1.49	0.967982	110.728527	113.054787	0	-492.381474	99
1.468331	1.5	0.967982	110.728527	113.054787	0	-492.3831488	100
1.468331	1.51	0.967982	110.728527	113.054787	0	-492.384615	101
1.468331	1.52	0.967982	110.728527	113.054787	0	-492.3858842	102
1.468331	1.53	0.967982	110.728527	113.054787	0	-492.3869674	103
1.468331	1.54	0.967982	110.728527	113.054787	0	-492.3878751	104
1.468331	1.55	0.967982	110.728527	113.054787	0	-492.3886108	105
1.468331	1.56	0.967982	110.728527	113.054787	0	-492.3891966	106
1.468331	1.57	0.967982	110.728527	113.054787	0	-492.3896352	107
1.468331	1.58	0.967982	110.728527	113.054787	0	-492.3899362	108
1.468331	1.59	0.967982	110.728527	113.054787	0	-492.3901053	109
1.468331	1.6	0.967982	110.728527	113.054787	0	-492.3901511	110
1.468331	1.61	0.967982	110.728527	113.054787	0	-492.3900809	111
1.468331	1.62	0.967982	110.728527	113.054787	0	-492.3899015	112
1.468331	1.63	0.967982	110.728527	113.054787	0	-492.3896196	113
1.468331	1.64	0.967982	110.728527	113.054787	0	-492.389241	114
1.468331	1.65	0.967982	110.728527	113.054787	0	-492.3887719	115
1.468331	1.66	0.967982	110.728527	113.054787	0	-492.3882173	116
1.468331	1.67	0.967982	110.728527	113.054787	0	-492.3875833	117
1.468331	1.68	0.967982	110.728527	113.054787	0	-492.3868742	118
1.468331	1.69	0.967982	110.728527	113.054787	0	-492.3860948	119
1.468331	1.7	0.967982	110.728527	113.054787	0	-492.3852495	120
1.468331	1.71	0.967982	110.728527	113.054787	0	-492.3843427	121
1.468331	1.73	0.967982	110.728527	113.054787	0	-492.3823602	123
1.468331	1.74	0.967982	110.728527	113.054787	0	-492.3812918	124
1.468331	1.75	0.967982	110.728527	113.054787	0	-492.3801764	125
1.468331	1.76	0.967982	110.728527	113.054787	0	-492.3790173	126
1.468331	1.78	0.967982	110.728527	113.054787	0	-492.3765796	128
1.468331	1.79	0.967982	110.728527	113.054787	0	-492.3753067	129
1.468331	1.8	0.967982	110.728527	113.054787	0	-492.3740012	130
1.468331	1.81	0.967982	110.728527	113.054787	0	-492.3726654	131
1.468331	1.82	0.967982	110.728527	113.054787	0	-492.3713018	132
1.468331	1.83	0.967982	110.728527	113.054787	0	-492.3699123	133
1.468331	1.84	0.967982	110.728527	113.054787	0	-492.3684994	134
1.468331	1.85	0.967982	110.728527	113.054787	0	-492.3670647	135
1.468331	1.86	0.967982	110.728527	113.054787	0	-492.36561	136
1.468331	1.87	0.967982	110.728527	113.054787	0	-492.3641372	137
1.468331	1.88	0.967982	110.728527	113.054787	0	-492.3626479	138
1.468331	1.9	0.967982	110.728527	113.054787	0	-492.3596261	140
1.468331	1.91	0.967982	110.728527	113.054787	0	-492.3580963	141
1.468331	1.92	0.967982	110.728527	113.054787	0	-492.3565558	142
1.468331	1.93	0.967982	110.728527	113.054787	0	-492.3550057	143
1.468331	1.94	0.967982	110.728527	113.054787	0	-492.3534474	144
1.468331	1.95	0.967982	110.728527	113.054787	0	-492.3518817	145
1.468331	1.97	0.967982	110.728527	113.054787	0	-492.3487326	147
1.468331	1.99	0.967982	110.728527	113.054787	0	-492.3455665	149
1.468331	2	0.967982	110.728527	113.054787	0	-492.3439791	150
1.468331	2.01	0.967982	110.728527	113.054787	0	-492.3423899	151
1.468331	2.02	0.967982	110.728527	113.054787	0	-492.3407997	152
1.468331	2.03	0.967982	110.728527	113.054787	0	-492.3392092	153
1.468331	2.04	0.967982	110.728527	113.054787	0	-492.3376187	154
1.468331	2.05	0.967982	110.728527	113.054787	0	-492.3360296	155
1.468331	2.06	0.967982	110.728527	113.054787	0	-492.3344421	156
1.468331	2.07	0.967982	110.728527	113.054787	0	-492.3328563	157
1.468331	2.08	0.967982	110.728527	113.054787	0	-492.3312734	158
1.468331	2.09	0.967982	110.728527	113.054787	0	-492.3296939	159
1.468331	2.1	0.967982	110.728527	113.054787	0	-492.3281177	160
1.468331	2.11	0.967982	110.728527	113.054787	0	-492.3265457	161
1.468331	2.12	0.967982	110.728527	113.054787	0	-492.3249783	162
1.468331	2.13	0.967982	110.728527	113.054787	0	-492.3234157	163
1.468331	2.14	0.967982	110.728527	113.054787	0	-492.3218584	164
1.468331	2.15	0.967982	110.728527	113.054787	0	-492.3203069	165
1.468331	2.16	0.967982	110.728527	113.054787	0	-492.3187614	166
1.468331	2.18	0.967982	110.728527	113.054787	0	-492.3156896	168
1.468331	2.19	0.967982	110.728527	113.054787	0	-492.3141641	169
1.468331	2.2	0.967982	110.728527	113.054787	0	-492.3126457	170
1.468331	2.21	0.967982	110.728527	113.054787	0	-492.3111351	171
1.468331	2.25	0.967982	110.728527	113.054787	0	-492.3051715	175
1.468331	2.26	0.967982	110.728527	113.054787	0	-492.3037019	176
1.468331	2.27	0.967982	110.728527	113.054787	0	-492.302241	177
1.468331	2.28	0.967982	110.728527	113.054787	0	-492.300789	178
1.468331	2.29	0.967982	110.728527	113.054787	0	-492.2993465	179
1.468331	2.3	0.967982	110.728527	113.054787	0	-492.2979132	180
1.468331	2.31	0.967982	110.728527	113.054787	0	-492.2964896	181
1.468331	2.32	0.967982	110.728527	113.054787	0	-492.2950757	182
1.468331	2.33	0.967982	110.728527	113.054787	0	-492.2936714	183
1.468331	2.34	0.967982	110.728527	113.054787	0	-492.2922774	184
1.468331	2.35	0.967982	110.728527	113.054787	0	-492.2908932	185
1.468331	2.36	0.967982	110.728527	113.054787	0	-492.2895196	186
1.468331	2.4	0.967982	110.728527	113.054787	0	-492.2841299	190
