   1.46833100   1.50000000   0.96798200   110.72852700   113.05478700   0.00000000   -0.09025141630612   -492.38314883620023   100.0000
   1.46833100   1.51000000   0.96798200   110.72852700   113.05478700   0.00000000   -0.09011231233328   -492.38461502563968   101.0000
   1.46833100   1.52000000   0.96798200   110.72852700   113.05478700   0.00000000   -0.08997912749300   -492.38588421176411   102.0000
   1.46833100   1.53000000   0.96798200   110.72852700   113.05478700   0.00000000   -0.08985163511684   -492.38696740719729   103.0000
   1.46833100   1.54000000   0.96798200   110.72852700   113.05478700   0.00000000   -0.08972961249432   -492.38787506908153   104.0000
   1.46833100   1.55000000   0.96798200   110.72852700   113.05478700   0.00000000   -0.08961061870177   -492.38861076091769   105.0000
   1.46833100   1.56000000   0.96798200   110.72852700   113.05478700   0.00000000   -0.08949897312584   -492.38919660034134   106.0000
   1.46833100   1.57000000   0.96798200   110.72852700   113.05478700   0.00000000   -0.08939218440234   -492.38963521562357   107.0000
   1.46833100   1.58000000   0.96798200   110.72852700   113.05478700   0.00000000   -0.08929004018753   -492.38993618799543   108.0000
   1.46833100   1.59000000   0.96798200   110.72852700   113.05478700   0.00000000   -0.08919241347679   -492.39010525659847   109.0000
   1.46833100   1.60000000   0.96798200   110.72852700   113.05478700   0.00000000   -0.08909908338025   -492.39015109825186   110.0000
   1.46833100   1.61000000   0.96798200   110.72852700   113.05478700   0.00000000   -0.08900989409931   -492.39008094710499   111.0000
   1.46833100   1.62000000   0.96798200   110.72852700   113.05478700   0.00000000   -0.08892467781537   -492.38990147866366   112.0000
   1.46833100   1.63000000   0.96798200   110.72852700   113.05478700   0.00000000   -0.08884328936205   -492.38961958613049   113.0000
   1.46833100   1.64000000   0.96798200   110.72852700   113.05478700   0.00000000   -0.08876556851623   -492.38924099330831   114.0000
   1.46833100   1.65000000   0.96798200   110.72852700   113.05478700   0.00000000   -0.08869137352395   -492.38877190849308   115.0000
   1.46833100   1.66000000   0.96798200   110.72852700   113.05478700   0.00000000   -0.08862056393991   -492.38821732757782   116.0000
   1.46833100   1.67000000   0.96798200   110.72852700   113.05478700   0.00000000   -0.08855302631357   -492.38758330418187   117.0000
   1.46833100   1.68000000   0.96798200   110.72852700   113.05478700   0.00000000   -0.08848861237759   -492.38687418728114   118.0000
   1.46833100   1.69000000   0.96798200   110.72852700   113.05478700   0.00000000   -0.08842719199603   -492.38609475146700   119.0000
   1.46833100   1.70000000   0.96798200   110.72852700   113.05478700   0.00000000   -0.08836865835815   -492.38524952618002   120.0000
   1.46833100   1.71000000   0.96798200   110.72852700   113.05478700   0.00000000   -0.08831289232988   -492.38434274039474   121.0000
   1.46833100   1.73000000   0.96798200   110.72852700   113.05478700   0.00000000   -0.08820921289259   -492.38236019048816   123.0000
   1.46833100   1.74000000   0.96798200   110.72852700   113.05478700   0.00000000   -0.08816107799005   -492.38129182442708   124.0000
   1.46833100   1.75000000   0.96798200   110.72852700   113.05478700   0.00000000   -0.08811526229465   -492.38017635918231   125.0000
   1.46833100   1.76000000   0.96798200   110.72852700   113.05478700   0.00000000   -0.08807166444405   -492.37901728424595   126.0000
   1.46833100   1.78000000   0.96798200   110.72852700   113.05478700   0.00000000   -0.08799072235454   -492.37657964715419   128.0000
   1.46833100   1.79000000   0.96798200   110.72852700   113.05478700   0.00000000   -0.08795318961747   -492.37530666699735   129.0000
   1.46833100   1.80000000   0.96798200   110.72852700   113.05478700   0.00000000   -0.08791752643038   -492.37400116602737   130.0000
   1.46833100   1.81000000   0.96798200   110.72852700   113.05478700   0.00000000   -0.08788362938494   -492.37266535213786   131.0000
   1.46833100   1.82000000   0.96798200   110.72852700   113.05478700   0.00000000   -0.08785143580432   -492.37130183829885   132.0000
   1.46833100   1.83000000   0.96798200   110.72852700   113.05478700   0.00000000   -0.08782087193619   -492.36991233013060   133.0000
   1.46833100   1.84000000   0.96798200   110.72852700   113.05478700   0.00000000   -0.08779187632487   -492.36849936782789   134.0000
   1.46833100   1.85000000   0.96798200   110.72852700   113.05478700   0.00000000   -0.08776438092925   -492.36706466989801   135.0000
   1.46833100   1.86000000   0.96798200   110.72852700   113.05478700   0.00000000   -0.08773832360412   -492.36560996228127   136.0000
   1.46833100   1.87000000   0.96798200   110.72852700   113.05478700   0.00000000   -0.08771364438242   -492.36413716295982   137.0000
   1.46833100   1.88000000   0.96798200   110.72852700   113.05478700   0.00000000   -0.08769028695434   -492.36264792464726   138.0000
   1.46833100   1.90000000   0.96798200   110.72852700   113.05478700   0.00000000   -0.08764730511121   -492.35962608414496   140.0000
   1.46833100   1.91000000   0.96798200   110.72852700   113.05478700   0.00000000   -0.08762757381838   -492.35809629337433   141.0000
   1.46833100   1.92000000   0.96798200   110.72852700   113.05478700   0.00000000   -0.08760894977012   -492.35655575861517   142.0000
   1.46833100   1.93000000   0.96798200   110.72852700   113.05478700   0.00000000   -0.08759138753639   -492.35500573783423   143.0000
   1.46833100   1.94000000   0.96798200   110.72852700   113.05478700   0.00000000   -0.08757483431611   -492.35344737762927   144.0000
   1.46833100   1.95000000   0.96798200   110.72852700   113.05478700   0.00000000   -0.08755924840751   -492.35188168493943   145.0000
   1.46833100   1.97000000   0.96798200   110.72852700   113.05478700   0.00000000   -0.08753081078676   -492.34873262015111   147.0000
   1.46833100   1.99000000   0.96798200   110.72852700   113.05478700   0.00000000   -0.08750575442299   -492.34556646247233   149.0000
   1.46833100   2.00000000   0.96798200   110.72852700   113.05478700   0.00000000   -0.08749440207321   -492.34397907737889   150.0000
   1.46833100   2.01000000   0.96798200   110.72852700   113.05478700   0.00000000   -0.08748378551953   -492.34238991124329   151.0000
   1.46833100   2.02000000   0.96798200   110.72852700   113.05478700   0.00000000   -0.08747387332543   -492.34079972835457   152.0000
   1.46833100   2.03000000   0.96798200   110.72852700   113.05478700   0.00000000   -0.08746463496049   -492.33920919048029   153.0000
   1.46833100   2.04000000   0.96798200   110.72852700   113.05478700   0.00000000   -0.08745634120781   -492.33761874831339   154.0000
   1.46833100   2.05000000   0.96798200   110.72852700   113.05478700   0.00000000   -0.08744838178401   -492.33602962677338   155.0000
   1.46833100   2.06000000   0.96798200   110.72852700   113.05478700   0.00000000   -0.08744100839150   -492.33444207267746   156.0000
   1.46833100   2.07000000   0.96798200   110.72852700   113.05478700   0.00000000   -0.08743419304058   -492.33285634835704   157.0000
   1.46833100   2.08000000   0.96798200   110.72852700   113.05478700   0.00000000   -0.08742791271001   -492.33127343764664   158.0000
   1.46833100   2.09000000   0.96798200   110.72852700   113.05478700   0.00000000   -0.08742214808071   -492.32969385750971   159.0000
   1.46833100   2.10000000   0.96798200   110.72852700   113.05478700   0.00000000   -0.08741686933005   -492.32811769630598   160.0000
   1.46833100   2.11000000   0.96798200   110.72852700   113.05478700   0.00000000   -0.08741205987550   -492.32654567724887   161.0000
   1.46833100   2.12000000   0.96798200   110.72852700   113.05478700   0.00000000   -0.08740769798340   -492.32497828667215   162.0000
   1.46833100   2.13000000   0.96798200   110.72852700   113.05478700   0.00000000   -0.08740376258193   -492.32341571792949   163.0000
   1.46833100   2.14000000   0.96798200   110.72852700   113.05478700   0.00000000   -0.08740023727086   -492.32185842210026   164.0000
   1.46833100   2.15000000   0.96798200   110.72852700   113.05478700   0.00000000   -0.08739710359511   -492.32030691168245   165.0000
   1.46833100   2.16000000   0.96798200   110.72852700   113.05478700   0.00000000   -0.08739434247691   -492.31876141583206   166.0000
   1.46833100   2.18000000   0.96798200   110.72852700   113.05478700   0.00000000   -0.08738988199400   -492.31568956891914   168.0000
   1.46833100   2.19000000   0.96798200   110.72852700   113.05478700   0.00000000   -0.08738815635780   -492.31416410574684   169.0000
   1.46833100   2.20000000   0.96798200   110.72852700   113.05478700   0.00000000   -0.08738673967536   -492.31264571766565   170.0000
   1.46833100   2.21000000   0.96798200   110.72852700   113.05478700   0.00000000   -0.08738563512645   -492.31113506471632   171.0000
   1.46833100   2.25000000   0.96798200   110.72852700   113.05478700   0.00000000   -0.08738396327542   -492.30517154841152   175.0000
   1.46833100   2.26000000   0.96798200   110.72852700   113.05478700   0.00000000   -0.08738418571823   -492.30370186734109   176.0000
   1.46833100   2.27000000   0.96798200   110.72852700   113.05478700   0.00000000   -0.08738464671617   -492.30224098769685   177.0000
   1.46833100   2.28000000   0.96798200   110.72852700   113.05478700   0.00000000   -0.08738532729646   -492.30078901092975   178.0000
   1.46833100   2.29000000   0.96798200   110.72852700   113.05478700   0.00000000   -0.08738623541945   -492.29934648137311   179.0000
   1.46833100   2.30000000   0.96798200   110.72852700   113.05478700   0.00000000   -0.08738734910442   -492.29791323827817   180.0000
   1.46833100   2.31000000   0.96798200   110.72852700   113.05478700   0.00000000   -0.08738866082611   -492.29648955151242   181.0000
   1.46833100   2.32000000   0.96798200   110.72852700   113.05478700   0.00000000   -0.08739017120105   -492.29507565098538   182.0000
   1.46833100   2.33000000   0.96798200   110.72852700   113.05478700   0.00000000   -0.08739186354491   -492.29367142772503   183.0000
   1.46833100   2.34000000   0.96798200   110.72852700   113.05478700   0.00000000   -0.08739373668840   -492.29227735900190   184.0000
   1.46833100   2.35000000   0.96798200   110.72852700   113.05478700   0.00000000   -0.08739578379414   -492.29089319874402   185.0000
   1.46833100   2.36000000   0.96798200   110.72852700   113.05478700   0.00000000   -0.08739799663479   -492.28951962366722   186.0000
   1.46833100   2.40000000   0.96798200   110.72852700   113.05478700   0.00000000   -0.08740840084859   -492.28412992011124   190.0000
   1.46833100   1.30000000   0.96798200   110.72852700   113.05478700   0.00000000   -0.09471293965767   -492.28898176751454   80.0000
   1.46833100   1.31000000   0.96798200   110.72852700   113.05478700   0.00000000   -0.09439158152803   -492.29789654090274   81.0000
   1.46833100   1.32000000   0.96798200   110.72852700   113.05478700   0.00000000   -0.09408263409736   -492.30621133426507   82.0000
   1.46833100   1.33000000   0.96798200   110.72852700   113.05478700   0.00000000   -0.09378683735132   -492.31396638262902   83.0000
   1.46833100   1.34000000   0.96798200   110.72852700   113.05478700   0.00000000   -0.09350297729792   -492.32118672490407   84.0000
   1.46833100   1.35000000   0.96798200   110.72852700   113.05478700   0.00000000   -0.09323057343218   -492.32790050554848   85.0000
   1.46833100   1.36000000   0.96798200   110.72852700   113.05478700   0.00000000   -0.09296915063862   -492.33413440407122   86.0000
   1.46833100   1.37000000   0.96798200   110.72852700   113.05478700   0.00000000   -0.09271825025378   -492.33991377489832   87.0000
   1.46833100   1.38000000   0.96798200   110.72852700   113.05478700   0.00000000   -0.09247743409432   -492.34526253201943   88.0000
   1.46833100   1.40000000   0.96798200   110.72852700   113.05478700   0.00000000   -0.09202455837357   -492.35475917938834   90.0000
   1.46833100   1.41000000   0.96798200   110.72852700   113.05478700   0.00000000   -0.09181177992433   -492.35894919848698   91.0000
   1.46833100   1.42000000   0.96798200   110.72852700   113.05478700   0.00000000   -0.09160767564867   -492.36279353837625   92.0000
   1.46833100   1.43000000   0.96798200   110.72852700   113.05478700   0.00000000   -0.09141195056956   -492.36631099836961   93.0000
   1.46833100   1.44000000   0.96798200   110.72852700   113.05478700   0.00000000   -0.09122425687658   -492.36951862116729   94.0000
   1.46833100   1.45000000   0.96798200   110.72852700   113.05478700   0.00000000   -0.09104434371196   -492.37243379765505   95.0000
   1.46833100   1.46000000   0.96798200   110.72852700   113.05478700   0.00000000   -0.09087190514726   -492.37507221150838   96.0000
   1.46833100   1.47000000   0.96798200   110.72852700   113.05478700   0.00000000   -0.09070666159730   -492.37744896259028   97.0000
   1.46833100   1.48000000   0.96798200   110.72852700   113.05478700   0.00000000   -0.09054834109942   -492.37957837297103   98.0000
   1.46833100   1.49000000   0.96798200   110.72852700   113.05478700   0.00000000   -0.09039667776467   -492.38147403566643   99.0000
