1.220000	1.604292	0.967982	110.728527	113.054787	0.000000	-491.7851767600	1
1.230000	1.604292	0.967982	110.728527	113.054787	0.000000	-491.7976651200	2
1.240000	1.604292	0.967982	110.728527	113.054787	0.000000	-491.8092396900	3
1.250000	1.604292	0.967982	110.728527	113.054787	0.000000	-491.8199490500	4
1.260000	1.604292	0.967982	110.728527	113.054787	0.000000	-491.8298393100	5
1.270000	1.604292	0.967982	110.728527	113.054787	0.000000	-491.8389542500	6
1.280000	1.604292	0.967982	110.728527	113.054787	0.000000	-491.8473354100	7
1.290000	1.604292	0.967982	110.728527	113.054787	0.000000	-491.8550222400	8
1.300000	1.604292	0.967982	110.728527	113.054787	0.000000	-491.8620521900	9
1.310000	1.604292	0.967982	110.728527	113.054787	0.000000	-491.8684608200	10
1.320000	1.604292	0.967982	110.728527	113.054787	0.000000	-491.8742818800	11
1.330000	1.604292	0.967982	110.728527	113.054787	0.000000	-491.8795474300	12
1.340000	1.604292	0.967982	110.728527	113.054787	0.000000	-491.8842878900	13
1.350000	1.604292	0.967982	110.728527	113.054787	0.000000	-491.8885321500	14
1.360000	1.604292	0.967982	110.728527	113.054787	0.000000	-491.8923076500	15
1.370000	1.604292	0.967982	110.728527	113.054787	0.000000	-491.8956404300	16
1.380000	1.604292	0.967982	110.728527	113.054787	0.000000	-491.8985552200	17
1.390000	1.604292	0.967982	110.728527	113.054787	0.000000	-491.9010755000	18
1.400000	1.604292	0.967982	110.728527	113.054787	0.000000	-491.9032235600	19
1.410000	1.604292	0.967982	110.728527	113.054787	0.000000	-491.9050205700	20
1.420000	1.604292	0.967982	110.728527	113.054787	0.000000	-491.9064866200	21
1.430000	1.604292	0.967982	110.728527	113.054787	0.000000	-491.9076407900	22
1.440000	1.604292	0.967982	110.728527	113.054787	0.000000	-491.9085011900	23
1.450000	1.604292	0.967982	110.728527	113.054787	0.000000	-491.9090850100	24
1.460000	1.604292	0.967982	110.728527	113.054787	0.000000	-491.9094085800	25
1.470000	1.604292	0.967982	110.728527	113.054787	0.000000	-491.9094874000	26
1.480000	1.604292	0.967982	110.728527	113.054787	0.000000	-491.9093361600	27
1.490000	1.604292	0.967982	110.728527	113.054787	0.000000	-491.9089688500	28
1.500000	1.604292	0.967982	110.728527	113.054787	0.000000	-491.9083987100	29
1.510000	1.604292	0.967982	110.728527	113.054787	0.000000	-491.9076383200	30
1.520000	1.604292	0.967982	110.728527	113.054787	0.000000	-491.9066996200	31
1.530000	1.604292	0.967982	110.728527	113.054787	0.000000	-491.9055939600	32
1.540000	1.604292	0.967982	110.728527	113.054787	0.000000	-491.9043320800	33
1.550000	1.604292	0.967982	110.728527	113.054787	0.000000	-491.9029241900	34
1.560000	1.604292	0.967982	110.728527	113.054787	0.000000	-491.9013799900	35
1.570000	1.604292	0.967982	110.728527	113.054787	0.000000	-491.8997086700	36
1.580000	1.604292	0.967982	110.728527	113.054787	0.000000	-491.8979189500	37
1.590000	1.604292	0.967982	110.728527	113.054787	0.000000	-491.8960191100	38
1.600000	1.604292	0.967982	110.728527	113.054787	0.000000	-491.8940170200	39
1.610000	1.604292	0.967982	110.728527	113.054787	0.000000	-491.8919201200	40
1.620000	1.604292	0.967982	110.728527	113.054787	0.000000	-491.8897354900	41
1.630000	1.604292	0.967982	110.728527	113.054787	0.000000	-491.8874698300	42
1.640000	1.604292	0.967982	110.728527	113.054787	0.000000	-491.8851295100	43
1.650000	1.604292	0.967982	110.728527	113.054787	0.000000	-491.8827205800	44
1.660000	1.604292	0.967982	110.728527	113.054787	0.000000	-491.8802487600	45
1.670000	1.604292	0.967982	110.728527	113.054787	0.000000	-491.8777194800	46
1.680000	1.604292	0.967982	110.728527	113.054787	0.000000	-491.8751379100	47
1.690000	1.604292	0.967982	110.728527	113.054787	0.000000	-491.8725089300	48
1.700000	1.604292	0.967982	110.728527	113.054787	0.000000	-491.8698372000	49
1.710000	1.604292	0.967982	110.728527	113.054787	0.000000	-491.8671271100	50
1.720000	1.604292	0.967982	110.728527	113.054787	0.000000	-491.8643828500	51
1.730000	1.604292	0.967982	110.728527	113.054787	0.000000	-491.8616083900	52
1.740000	1.604292	0.967982	110.728527	113.054787	0.000000	-491.8588075100	53
1.750000	1.604292	0.967982	110.728527	113.054787	0.000000	-491.8559837900	54
1.760000	1.604292	0.967982	110.728527	113.054787	0.000000	-491.8531406400	55
1.770000	1.604292	0.967982	110.728527	113.054787	0.000000	-491.8502813000	56
1.780000	1.604292	0.967982	110.728527	113.054787	0.000000	-491.8474088700	57
1.790000	1.604292	0.967982	110.728527	113.054787	0.000000	-491.8445262900	58
1.800000	1.604292	0.967982	110.728527	113.054787	0.000000	-491.8416363700	59
1.810000	1.604292	0.967982	110.728527	113.054787	0.000000	-491.8387418200	60
1.820000	1.604292	0.967982	110.728527	113.054787	0.000000	-491.8358452000	61
1.830000	1.604292	0.967982	110.728527	113.054787	0.000000	-491.8329489900	62
1.840000	1.604292	0.967982	110.728527	113.054787	0.000000	-491.8300556000	63
1.850000	1.604292	0.967982	110.728527	113.054787	0.000000	-491.8271673100	64
1.860000	1.604292	0.967982	110.728527	113.054787	0.000000	-491.8242863900	65
1.870000	1.604292	0.967982	110.728527	113.054787	0.000000	-491.8214150000	66
1.880000	1.604292	0.967982	110.728527	113.054787	0.000000	-491.8185552900	67
1.890000	1.604292	0.967982	110.728527	113.054787	0.000000	-491.8157093800	68
1.900000	1.604292	0.967982	110.728527	113.054787	0.000000	-491.8128793300	69
1.910000	1.604292	0.967982	110.728527	113.054787	0.000000	-491.8100672200	70
1.920000	1.604292	0.967982	110.728527	113.054787	0.000000	-491.8072751300	71
1.930000	1.604292	0.967982	110.728527	113.054787	0.000000	-491.8045051400	72
1.940000	1.604292	0.967982	110.728527	113.054787	0.000000	-491.8017593300	73
1.950000	1.604292	0.967982	110.728527	113.054787	0.000000	-491.7990398300	74
1.960000	1.604292	0.967982	110.728527	113.054787	0.000000	-491.7963487700	75
1.970000	1.604292	0.967982	110.728527	113.054787	0.000000	-491.7936882800	76
1.980000	1.604292	0.967982	110.728527	113.054787	0.000000	-491.7910605100	77
1.990000	1.604292	0.967982	110.728527	113.054787	0.000000	-491.7884675900	78
2.000000	1.604292	0.967982	110.728527	113.054787	0.000000	-491.7859116400	79
1.468331	1.300000	0.967982	110.728527	113.054787	0.000000	-491.8047512000	80
1.468331	1.310000	0.967982	110.728527	113.054787	0.000000	-491.8138591300	81
1.468331	1.320000	0.967982	110.728527	113.054787	0.000000	-491.8223641400	82
1.468331	1.330000	0.967982	110.728527	113.054787	0.000000	-491.8302977800	83
1.468331	1.340000	0.967982	110.728527	113.054787	0.000000	-491.8376900300	84
1.468331	1.350000	0.967982	110.728527	113.054787	0.000000	-491.8445693200	85
1.468331	1.360000	0.967982	110.728527	113.054787	0.000000	-491.8509626500	86
1.468331	1.370000	0.967982	110.728527	113.054787	0.000000	-491.8568956600	87
1.468331	1.380000	0.967982	110.728527	113.054787	0.000000	-491.8623926700	88
1.468331	1.390000	0.967982	110.728527	113.054787	0.000000	-491.8674767800	89
1.468331	1.400000	0.967982	110.728527	113.054787	0.000000	-491.8721699300	90
1.468331	1.410000	0.967982	110.728527	113.054787	0.000000	-491.8764929100	91
1.468331	1.420000	0.967982	110.728527	113.054787	0.000000	-491.8804654900	92
1.468331	1.430000	0.967982	110.728527	113.054787	0.000000	-491.8841064300	93
1.468331	1.440000	0.967982	110.728527	113.054787	0.000000	-491.8874335300	94
1.468331	1.450000	0.967982	110.728527	113.054787	0.000000	-491.8904636800	95
1.468331	1.460000	0.967982	110.728527	113.054787	0.000000	-491.8932129400	96
1.468331	1.470000	0.967982	110.728527	113.054787	0.000000	-491.8956965100	97
1.468331	1.480000	0.967982	110.728527	113.054787	0.000000	-491.8979288600	98
1.468331	1.490000	0.967982	110.728527	113.054787	0.000000	-491.8999236900	99
1.468331	1.500000	0.967982	110.728527	113.054787	0.000000	-491.9016940400	100
1.468331	1.510000	0.967982	110.728527	113.054787	0.000000	-491.9032522400	101
1.468331	1.520000	0.967982	110.728527	113.054787	0.000000	-491.9046100200	102
1.468331	1.530000	0.967982	110.728527	113.054787	0.000000	-491.9057785100	103
1.468331	1.540000	0.967982	110.728527	113.054787	0.000000	-491.9067682700	104
1.468331	1.550000	0.967982	110.728527	113.054787	0.000000	-491.9075893100	105
1.468331	1.560000	0.967982	110.728527	113.054787	0.000000	-491.9082511400	106
1.468331	1.570000	0.967982	110.728527	113.054787	0.000000	-491.9087627800	107
1.468331	1.580000	0.967982	110.728527	113.054787	0.000000	-491.9091327800	108
1.468331	1.590000	0.967982	110.728527	113.054787	0.000000	-491.9093692500	109
1.468331	1.600000	0.967982	110.728527	113.054787	0.000000	-491.9094799000	110
1.468331	1.610000	0.967982	110.728527	113.054787	0.000000	-491.9094720200	111
1.468331	1.620000	0.967982	110.728527	113.054787	0.000000	-491.9093525500	112
1.468331	1.630000	0.967982	110.728527	113.054787	0.000000	-491.9091280400	113
1.468331	1.640000	0.967982	110.728527	113.054787	0.000000	-491.9088047300	114
1.468331	1.650000	0.967982	110.728527	113.054787	0.000000	-491.9083885100	115
1.468331	1.660000	0.967982	110.728527	113.054787	0.000000	-491.9078849900	116
1.468331	1.670000	0.967982	110.728527	113.054787	0.000000	-491.9072994600	117
1.468331	1.680000	0.967982	110.728527	113.054787	0.000000	-491.9066369500	118
1.468331	1.690000	0.967982	110.728527	113.054787	0.000000	-491.9059022400	119
1.468331	1.700000	0.967982	110.728527	113.054787	0.000000	-491.9050998200	120
1.468331	1.710000	0.967982	110.728527	113.054787	0.000000	-491.9042339900	121
1.468331	1.720000	0.967982	110.728527	113.054787	0.000000	-491.9033087800	122
1.468331	1.730000	0.967982	110.728527	113.054787	0.000000	-491.9023280400	123
1.468331	1.740000	0.967982	110.728527	113.054787	0.000000	-491.9012953900	124
1.468331	1.750000	0.967982	110.728527	113.054787	0.000000	-491.9002142900	125
1.468331	1.760000	0.967982	110.728527	113.054787	0.000000	-491.8990879800	126
1.468331	1.770000	0.967982	110.728527	113.054787	0.000000	-491.8979195600	127
1.468331	1.780000	0.967982	110.728527	113.054787	0.000000	-491.8967119300	128
1.468331	1.790000	0.967982	110.728527	113.054787	0.000000	-491.8954678700	129
1.468331	1.800000	0.967982	110.728527	113.054787	0.000000	-491.8941899900	130
1.468331	1.810000	0.967982	110.728527	113.054787	0.000000	-491.8928807600	131
1.468331	1.820000	0.967982	110.728527	113.054787	0.000000	-491.8915425200	132
1.468331	1.830000	0.967982	110.728527	113.054787	0.000000	-491.8901774900	133
1.468331	1.840000	0.967982	110.728527	113.054787	0.000000	-491.8887877600	134
1.468331	1.850000	0.967982	110.728527	113.054787	0.000000	-491.8873753200	135
1.468331	1.860000	0.967982	110.728527	113.054787	0.000000	-491.8859420400	136
1.468331	1.870000	0.967982	110.728527	113.054787	0.000000	-491.8844896900	137
1.468331	1.880000	0.967982	110.728527	113.054787	0.000000	-491.8830199500	138
1.468331	1.890000	0.967982	110.728527	113.054787	0.000000	-491.8815344000	139
1.468331	1.900000	0.967982	110.728527	113.054787	0.000000	-491.8800345500	140
1.468331	1.910000	0.967982	110.728527	113.054787	0.000000	-491.8785218100	141
1.468331	1.920000	0.967982	110.728527	113.054787	0.000000	-491.8769975300	142
1.468331	1.930000	0.967982	110.728527	113.054787	0.000000	-491.8754629700	143
1.468331	1.940000	0.967982	110.728527	113.054787	0.000000	-491.8739193300	144
1.468331	1.950000	0.967982	110.728527	113.054787	0.000000	-491.8723677500	145
1.468331	1.960000	0.967982	110.728527	113.054787	0.000000	-491.8708093000	146
1.468331	1.970000	0.967982	110.728527	113.054787	0.000000	-491.8692449900	147
1.468331	1.980000	0.967982	110.728527	113.054787	0.000000	-491.8676757800	148
1.468331	1.990000	0.967982	110.728527	113.054787	0.000000	-491.8661025900	149
1.468331	2.000000	0.967982	110.728527	113.054787	0.000000	-491.8645262700	150
1.468331	2.010000	0.967982	110.728527	113.054787	0.000000	-491.8629476300	151
1.468331	2.020000	0.967982	110.728527	113.054787	0.000000	-491.8613674300	152
1.468331	2.030000	0.967982	110.728527	113.054787	0.000000	-491.8597864200	153
1.468331	2.040000	0.967982	110.728527	113.054787	0.000000	-491.8582052700	154
1.468331	2.050000	0.967982	110.728527	113.054787	0.000000	-491.8566246400	155
1.468331	2.060000	0.967982	110.728527	113.054787	0.000000	-491.8550451300	156
1.468331	2.070000	0.967982	110.728527	113.054787	0.000000	-491.8534673500	157
1.468331	2.080000	0.967982	110.728527	113.054787	0.000000	-491.8518918300	158
1.468331	2.090000	0.967982	110.728527	113.054787	0.000000	-491.8503191100	159
1.468331	2.100000	0.967982	110.728527	113.054787	0.000000	-491.8487496700	160
1.468331	2.110000	0.967982	110.728527	113.054787	0.000000	-491.8471839900	161
1.468331	2.120000	0.967982	110.728527	113.054787	0.000000	-491.8456225100	162
1.468331	2.130000	0.967982	110.728527	113.054787	0.000000	-491.8440656500	163
1.468331	2.140000	0.967982	110.728527	113.054787	0.000000	-491.8425138200	164
1.468331	2.150000	0.967982	110.728527	113.054787	0.000000	-491.8409673900	165
1.468331	2.160000	0.967982	110.728527	113.054787	0.000000	-491.8394267300	166
1.468331	2.170000	0.967982	110.728527	113.054787	0.000000	-491.8378921700	167
1.468331	2.180000	0.967982	110.728527	113.054787	0.000000	-491.8363640400	168
1.468331	2.190000	0.967982	110.728527	113.054787	0.000000	-491.8348426400	169
1.468331	2.200000	0.967982	110.728527	113.054787	0.000000	-491.8333282800	170
1.468331	2.210000	0.967982	110.728527	113.054787	0.000000	-491.8318212300	171
1.468331	2.220000	0.967982	110.728527	113.054787	0.000000	-491.8303217400	172
1.468331	2.230000	0.967982	110.728527	113.054787	0.000000	-491.8288300800	173
1.468331	2.240000	0.967982	110.728527	113.054787	0.000000	-491.8273464900	174
1.468331	2.250000	0.967982	110.728527	113.054787	0.000000	-491.8258711800	175
1.468331	2.260000	0.967982	110.728527	113.054787	0.000000	-491.8244043800	176
1.468331	2.270000	0.967982	110.728527	113.054787	0.000000	-491.8229463000	177
1.468331	2.280000	0.967982	110.728527	113.054787	0.000000	-491.8214971200	178
1.468331	2.290000	0.967982	110.728527	113.054787	0.000000	-491.8200570500	179
1.468331	2.300000	0.967982	110.728527	113.054787	0.000000	-491.8186262500	180
1.468331	2.310000	0.967982	110.728527	113.054787	0.000000	-491.8172049100	181
1.468331	2.320000	0.967982	110.728527	113.054787	0.000000	-491.8157931700	182
1.468331	2.330000	0.967982	110.728527	113.054787	0.000000	-491.8143912100	183
1.468331	2.340000	0.967982	110.728527	113.054787	0.000000	-491.8129991700	184
1.468331	2.350000	0.967982	110.728527	113.054787	0.000000	-491.8116171900	185
1.468331	2.360000	0.967982	110.728527	113.054787	0.000000	-491.8102454200	186
1.468331	2.370000	0.967982	110.728527	113.054787	0.000000	-491.8088839900	187
1.468331	2.380000	0.967982	110.728527	113.054787	0.000000	-491.8075330200	188
1.468331	2.390000	0.967982	110.728527	113.054787	0.000000	-491.8061926400	189
1.468331	2.400000	0.967982	110.728527	113.054787	0.000000	-491.8048629700	190
1.468331	1.604292	0.700000	110.728527	113.054787	0.000000	-491.7784405400	191
1.468331	1.604292	0.710000	110.728527	113.054787	0.000000	-491.7915483800	192
1.468331	1.604292	0.720000	110.728527	113.054787	0.000000	-491.8036335200	193
1.468331	1.604292	0.730000	110.728527	113.054787	0.000000	-491.8147624900	194
1.468331	1.604292	0.740000	110.728527	113.054787	0.000000	-491.8249972900	195
1.468331	1.604292	0.750000	110.728527	113.054787	0.000000	-491.8343957600	196
1.468331	1.604292	0.760000	110.728527	113.054787	0.000000	-491.8430118600	197
1.468331	1.604292	0.770000	110.728527	113.054787	0.000000	-491.8508959800	198
1.468331	1.604292	0.780000	110.728527	113.054787	0.000000	-491.8580951900	199
1.468331	1.604292	0.790000	110.728527	113.054787	0.000000	-491.8646534600	200
1.468331	1.604292	0.800000	110.728527	113.054787	0.000000	-491.8706119000	201
1.468331	1.604292	0.810000	110.728527	113.054787	0.000000	-491.8760089800	202
1.468331	1.604292	0.820000	110.728527	113.054787	0.000000	-491.8808806700	203
1.468331	1.604292	0.830000	110.728527	113.054787	0.000000	-491.8852606400	204
1.468331	1.604292	0.840000	110.728527	113.054787	0.000000	-491.8891804400	205
1.468331	1.604292	0.850000	110.728527	113.054787	0.000000	-491.8926695800	206
1.468331	1.604292	0.860000	110.728527	113.054787	0.000000	-491.8957557300	207
1.468331	1.604292	0.870000	110.728527	113.054787	0.000000	-491.8984648100	208
1.468331	1.604292	0.880000	110.728527	113.054787	0.000000	-491.9008211400	209
1.468331	1.604292	0.890000	110.728527	113.054787	0.000000	-491.9028475000	210
1.468331	1.604292	0.900000	110.728527	113.054787	0.000000	-491.9045652600	211
1.468331	1.604292	0.910000	110.728527	113.054787	0.000000	-491.9059944700	212
1.468331	1.604292	0.920000	110.728527	113.054787	0.000000	-491.9071539500	213
1.468331	1.604292	0.930000	110.728527	113.054787	0.000000	-491.9080613500	214
1.468331	1.604292	0.940000	110.728527	113.054787	0.000000	-491.9087332500	215
1.468331	1.604292	0.950000	110.728527	113.054787	0.000000	-491.9091852200	216
1.468331	1.604292	0.960000	110.728527	113.054787	0.000000	-491.9094318700	217
1.468331	1.604292	0.970000	110.728527	113.054787	0.000000	-491.9094869400	218
1.468331	1.604292	0.980000	110.728527	113.054787	0.000000	-491.9093633200	219
1.468331	1.604292	0.990000	110.728527	113.054787	0.000000	-491.9090731400	220
1.468331	1.604292	1.000000	110.728527	113.054787	0.000000	-491.9086277900	221
1.468331	1.604292	1.010000	110.728527	113.054787	0.000000	-491.9080379800	222
1.468331	1.604292	1.020000	110.728527	113.054787	0.000000	-491.9073137900	223
1.468331	1.604292	1.030000	110.728527	113.054787	0.000000	-491.9064646800	224
1.468331	1.604292	1.040000	110.728527	113.054787	0.000000	-491.9054995600	225
1.468331	1.604292	1.050000	110.728527	113.054787	0.000000	-491.9044268100	226
1.468331	1.604292	1.060000	110.728527	113.054787	0.000000	-491.9032543100	227
1.468331	1.604292	1.070000	110.728527	113.054787	0.000000	-491.9019894700	228
1.468331	1.604292	1.080000	110.728527	113.054787	0.000000	-491.9006392700	229
1.468331	1.604292	1.090000	110.728527	113.054787	0.000000	-491.8992102900	230
1.468331	1.604292	1.100000	110.728527	113.054787	0.000000	-491.8977086900	231
1.468331	1.604292	1.110000	110.728527	113.054787	0.000000	-491.8961403000	232
1.468331	1.604292	1.120000	110.728527	113.054787	0.000000	-491.8945105900	233
1.468331	1.604292	1.130000	110.728527	113.054787	0.000000	-491.8928247300	234
1.468331	1.604292	1.140000	110.728527	113.054787	0.000000	-491.8910875600	235
1.468331	1.604292	1.150000	110.728527	113.054787	0.000000	-491.8893036500	236
1.468331	1.604292	1.160000	110.728527	113.054787	0.000000	-491.8874773100	237
1.468331	1.604292	1.170000	110.728527	113.054787	0.000000	-491.8856125900	238
1.468331	1.604292	1.180000	110.728527	113.054787	0.000000	-491.8837133100	239
1.468331	1.604292	1.190000	110.728527	113.054787	0.000000	-491.8817830500	240
1.468331	1.604292	1.200000	110.728527	113.054787	0.000000	-491.8798252000	241
1.468331	1.604292	1.210000	110.728527	113.054787	0.000000	-491.8778429400	242
1.468331	1.604292	1.220000	110.728527	113.054787	0.000000	-491.8758392900	243
1.468331	1.604292	1.230000	110.728527	113.054787	0.000000	-491.8738170500	244
1.468331	1.604292	1.240000	110.728527	113.054787	0.000000	-491.8717788800	245
1.468331	1.604292	1.250000	110.728527	113.054787	0.000000	-491.8697273000	246
1.468331	1.604292	1.260000	110.728527	113.054787	0.000000	-491.8676646500	247
1.468331	1.604292	1.270000	110.728527	113.054787	0.000000	-491.8655931600	248
1.468331	1.604292	1.280000	110.728527	113.054787	0.000000	-491.8635149000	249
1.468331	1.604292	1.290000	110.728527	113.054787	0.000000	-491.8614318500	250
1.468331	1.604292	1.300000	110.728527	113.054787	0.000000	-491.8593458500	251
1.468331	1.604292	1.310000	110.728527	113.054787	0.000000	-491.8572586400	252
1.468331	1.604292	1.320000	110.728527	113.054787	0.000000	-491.8551718600	253
1.468331	1.604292	1.330000	110.728527	113.054787	0.000000	-491.8530870300	254
1.468331	1.604292	1.340000	110.728527	113.054787	0.000000	-491.8510056100	255
1.468331	1.604292	1.350000	110.728527	113.054787	0.000000	-491.8489289600	256
1.468331	1.604292	1.360000	110.728527	113.054787	0.000000	-491.8468583400	257
1.468331	1.604292	1.370000	110.728527	113.054787	0.000000	-491.8447949700	258
1.468331	1.604292	1.380000	110.728527	113.054787	0.000000	-491.8427399600	259
1.468331	1.604292	1.390000	110.728527	113.054787	0.000000	-491.8406943800	260
1.468331	1.604292	1.400000	110.728527	113.054787	0.000000	-491.8386592200	261
1.468331	1.604292	1.410000	110.728527	113.054787	0.000000	-491.8366354000	262
1.468331	1.604292	1.420000	110.728527	113.054787	0.000000	-491.8346238000	263
1.468331	1.604292	1.430000	110.728527	113.054787	0.000000	-491.8326252400	264
1.468331	1.604292	1.440000	110.728527	113.054787	0.000000	-491.8306404900	265
1.468331	1.604292	1.450000	110.728527	113.054787	0.000000	-491.8286702700	266
1.468331	1.604292	1.460000	110.728527	113.054787	0.000000	-491.8267152400	267
1.468331	1.604292	1.470000	110.728527	113.054787	0.000000	-491.8247760400	268
1.468331	1.604292	1.480000	110.728527	113.054787	0.000000	-491.8228532500	269
1.468331	1.604292	1.490000	110.728527	113.054787	0.000000	-491.8209474300	270
1.468331	1.604292	1.500000	110.728527	113.054787	0.000000	-491.8190590800	271
1.468331	1.604292	0.967982	75.000000	113.054787	0.000000	-491.7916777700	272
1.468331	1.604292	0.967982	76.000000	113.054787	0.000000	-491.8010089200	273
1.468331	1.604292	0.967982	77.000000	113.054787	0.000000	-491.8097022700	274
1.468331	1.604292	0.967982	78.000000	113.054787	0.000000	-491.8178014100	275
1.468331	1.604292	0.967982	79.000000	113.054787	0.000000	-491.8253468600	276
1.468331	1.604292	0.967982	80.000000	113.054787	0.000000	-491.8323762300	277
1.468331	1.604292	0.967982	81.000000	113.054787	0.000000	-491.8389243200	278
1.468331	1.604292	0.967982	82.000000	113.054787	0.000000	-491.8450232900	279
1.468331	1.604292	0.967982	83.000000	113.054787	0.000000	-491.8507028000	280
1.468331	1.604292	0.967982	84.000000	113.054787	0.000000	-491.8559902300	281
1.468331	1.604292	0.967982	85.000000	113.054787	0.000000	-491.8609107700	282
1.468331	1.604292	0.967982	86.000000	113.054787	0.000000	-491.8654876500	283
1.468331	1.604292	0.967982	87.000000	113.054787	0.000000	-491.8697422300	284
1.468331	1.604292	0.967982	88.000000	113.054787	0.000000	-491.8736942000	285
1.468331	1.604292	0.967982	89.000000	113.054787	0.000000	-491.8773616600	286
1.468331	1.604292	0.967982	90.000000	113.054787	0.000000	-491.8807613000	287
1.468331	1.604292	0.967982	91.000000	113.054787	0.000000	-491.8839085000	288
1.468331	1.604292	0.967982	92.000000	113.054787	0.000000	-491.8868174000	289
1.468331	1.604292	0.967982	93.000000	113.054787	0.000000	-491.8895010700	290
1.468331	1.604292	0.967982	94.000000	113.054787	0.000000	-491.8919715400	291
1.468331	1.604292	0.967982	95.000000	113.054787	0.000000	-491.8942399200	292
1.468331	1.604292	0.967982	96.000000	113.054787	0.000000	-491.8963164700	293
1.468331	1.604292	0.967982	97.000000	113.054787	0.000000	-491.8982106500	294
1.468331	1.604292	0.967982	98.000000	113.054787	0.000000	-491.8999312000	295
1.468331	1.604292	0.967982	99.000000	113.054787	0.000000	-491.9014862100	296
1.468331	1.604292	0.967982	100.000000	113.054787	0.000000	-491.9028831500	297
1.468331	1.604292	0.967982	101.000000	113.054787	0.000000	-491.9041289700	298
1.468331	1.604292	0.967982	102.000000	113.054787	0.000000	-491.9052300700	299
1.468331	1.604292	0.967982	103.000000	113.054787	0.000000	-491.9061924000	300
1.468331	1.604292	0.967982	104.000000	113.054787	0.000000	-491.9070215200	301
1.468331	1.604292	0.967982	105.000000	113.054787	0.000000	-491.9077225600	302
1.468331	1.604292	0.967982	106.000000	113.054787	0.000000	-491.9083003200	303
1.468331	1.604292	0.967982	107.000000	113.054787	0.000000	-491.9087592800	304
1.468331	1.604292	0.967982	108.000000	113.054787	0.000000	-491.9091036100	305
1.468331	1.604292	0.967982	109.000000	113.054787	0.000000	-491.9093372400	306
1.468331	1.604292	0.967982	110.000000	113.054787	0.000000	-491.9094638200	307
1.468331	1.604292	0.967982	111.000000	113.054787	0.000000	-491.9094868100	308
1.468331	1.604292	0.967982	112.000000	113.054787	0.000000	-491.9094094500	309
1.468331	1.604292	0.967982	113.000000	113.054787	0.000000	-491.9092347900	310
1.468331	1.604292	0.967982	114.000000	113.054787	0.000000	-491.9089657400	311
1.468331	1.604292	0.967982	115.000000	113.054787	0.000000	-491.9086050300	312
1.468331	1.604292	0.967982	116.000000	113.054787	0.000000	-491.9081552700	313
1.468331	1.604292	0.967982	117.000000	113.054787	0.000000	-491.9076189400	314
1.468331	1.604292	0.967982	118.000000	113.054787	0.000000	-491.9069984100	315
1.468331	1.604292	0.967982	119.000000	113.054787	0.000000	-491.9062959500	316
1.468331	1.604292	0.967982	120.000000	113.054787	0.000000	-491.9055137400	317
1.468331	1.604292	0.967982	121.000000	113.054787	0.000000	-491.9046539000	318
1.468331	1.604292	0.967982	122.000000	113.054787	0.000000	-491.9037184600	319
1.468331	1.604292	0.967982	123.000000	113.054787	0.000000	-491.9027094100	320
1.468331	1.604292	0.967982	124.000000	113.054787	0.000000	-491.9016286700	321
1.468331	1.604292	0.967982	125.000000	113.054787	0.000000	-491.9004781300	322
1.468331	1.604292	0.967982	126.000000	113.054787	0.000000	-491.8992596500	323
1.468331	1.604292	0.967982	127.000000	113.054787	0.000000	-491.8979750700	324
1.468331	1.604292	0.967982	128.000000	113.054787	0.000000	-491.8966261900	325
1.468331	1.604292	0.967982	129.000000	113.054787	0.000000	-491.8952148100	326
1.468331	1.604292	0.967982	130.000000	113.054787	0.000000	-491.8937427400	327
1.468331	1.604292	0.967982	131.000000	113.054787	0.000000	-491.8922117700	328
1.468331	1.604292	0.967982	132.000000	113.054787	0.000000	-491.8906237300	329
1.468331	1.604292	0.967982	133.000000	113.054787	0.000000	-491.8889804400	330
1.468331	1.604292	0.967982	134.000000	113.054787	0.000000	-491.8872837600	331
1.468331	1.604292	0.967982	135.000000	113.054787	0.000000	-491.8855355900	332
1.468331	1.604292	0.967982	136.000000	113.054787	0.000000	-491.8837378700	333
1.468331	1.604292	0.967982	137.000000	113.054787	0.000000	-491.8818925800	334
1.468331	1.604292	0.967982	138.000000	113.054787	0.000000	-491.8800017800	335
1.468331	1.604292	0.967982	139.000000	113.054787	0.000000	-491.8780675900	336
1.468331	1.604292	0.967982	140.000000	113.054787	0.000000	-491.8760922000	337
1.468331	1.604292	0.967982	141.000000	113.054787	0.000000	-491.8740778900	338
1.468331	1.604292	0.967982	142.000000	113.054787	0.000000	-491.8720270500	339
1.468331	1.604292	0.967982	143.000000	113.054787	0.000000	-491.8699421800	340
1.468331	1.604292	0.967982	144.000000	113.054787	0.000000	-491.8678258800	341
1.468331	1.604292	0.967982	145.000000	113.054787	0.000000	-491.8656808900	342
1.468331	1.604292	0.967982	146.000000	113.054787	0.000000	-491.8635101000	343
1.468331	1.604292	0.967982	147.000000	113.054787	0.000000	-491.8613165500	344
1.468331	1.604292	0.967982	148.000000	113.054787	0.000000	-491.8591034400	345
1.468331	1.604292	0.967982	149.000000	113.054787	0.000000	-491.8568741500	346
1.468331	1.604292	0.967982	150.000000	113.054787	0.000000	-491.8546322400	347
1.468331	1.604292	0.967982	151.000000	113.054787	0.000000	-491.8523814800	348
1.468331	1.604292	0.967982	152.000000	113.054787	0.000000	-491.8501258400	349
1.468331	1.604292	0.967982	153.000000	113.054787	0.000000	-491.8478694900	350
1.468331	1.604292	0.967982	154.000000	113.054787	0.000000	-491.8456168400	351
1.468331	1.604292	0.967982	155.000000	113.054787	0.000000	-491.8433725300	352
1.468331	1.604292	0.967982	156.000000	113.054787	0.000000	-491.8411413800	353
1.468331	1.604292	0.967982	157.000000	113.054787	0.000000	-491.8389284800	354
1.468331	1.604292	0.967982	158.000000	113.054787	0.000000	-491.8367390900	355
1.468331	1.604292	0.967982	159.000000	113.054787	0.000000	-491.8345786900	356
1.468331	1.604292	0.967982	160.000000	113.054787	0.000000	-491.8324529200	357
1.468331	1.604292	0.967982	161.000000	113.054787	0.000000	-491.8303675800	358
1.468331	1.604292	0.967982	162.000000	113.054787	0.000000	-491.8283285600	359
1.468331	1.604292	0.967982	163.000000	113.054787	0.000000	-491.8263418500	360
1.468331	1.604292	0.967982	164.000000	113.054787	0.000000	-491.8244134300	361
1.468331	1.604292	0.967982	165.000000	113.054787	0.000000	-491.8225492700	362
1.468331	1.604292	0.967982	166.000000	113.054787	0.000000	-491.8207552400	363
1.468331	1.604292	0.967982	167.000000	113.054787	0.000000	-491.8190370800	364
1.468331	1.604292	0.967982	168.000000	113.054787	0.000000	-491.8174002800	365
1.468331	1.604292	0.967982	169.000000	113.054787	0.000000	-491.8158501000	366
1.468331	1.604292	0.967982	170.000000	113.054787	0.000000	-491.8143914500	367
1.468331	1.604292	0.967982	171.000000	113.054787	0.000000	-491.8130289100	368
1.468331	1.604292	0.967982	172.000000	113.054787	0.000000	-491.8117666400	369
1.468331	1.604292	0.967982	173.000000	113.054787	0.000000	-491.8106083900	370
1.468331	1.604292	0.967982	174.000000	113.054787	0.000000	-491.8095575300	371
1.468331	1.604292	0.967982	175.000000	113.054787	0.000000	-491.8086169800	372
1.468331	1.604292	0.967982	176.000000	113.054787	0.000000	-491.8077893100	373
1.468331	1.604292	0.967982	177.000000	113.054787	0.000000	-491.8070767200	374
1.468331	1.604292	0.967982	178.000000	113.054787	0.000000	-491.8064811300	375
1.468331	1.604292	0.967982	179.000000	113.054787	0.000000	-491.8060041300	376
1.468331	1.604292	0.967982	110.728527	55.000000	0.000000	-491.8034172700	377
1.468331	1.604292	0.967982	110.728527	56.000000	0.000000	-491.8093172000	378
1.468331	1.604292	0.967982	110.728527	57.000000	0.000000	-491.8148882800	379
1.468331	1.604292	0.967982	110.728527	58.000000	0.000000	-491.8201518000	380
1.468331	1.604292	0.967982	110.728527	59.000000	0.000000	-491.8251276300	381
1.468331	1.604292	0.967982	110.728527	60.000000	0.000000	-491.8298342500	382
1.468331	1.604292	0.967982	110.728527	61.000000	0.000000	-491.8342888500	383
1.468331	1.604292	0.967982	110.728527	62.000000	0.000000	-491.8385074100	384
1.468331	1.604292	0.967982	110.728527	63.000000	0.000000	-491.8425047500	385
1.468331	1.604292	0.967982	110.728527	64.000000	0.000000	-491.8462946000	386
1.468331	1.604292	0.967982	110.728527	65.000000	0.000000	-491.8498897000	387
1.468331	1.604292	0.967982	110.728527	66.000000	0.000000	-491.8533018400	388
1.468331	1.604292	0.967982	110.728527	67.000000	0.000000	-491.8565419300	389
1.468331	1.604292	0.967982	110.728527	68.000000	0.000000	-491.8596200500	390
1.468331	1.604292	0.967982	110.728527	69.000000	0.000000	-491.8625455200	391
1.468331	1.604292	0.967982	110.728527	70.000000	0.000000	-491.8653269800	392
1.468331	1.604292	0.967982	110.728527	71.000000	0.000000	-491.8679723700	393
1.468331	1.604292	0.967982	110.728527	72.000000	0.000000	-491.8704890600	394
1.468331	1.604292	0.967982	110.728527	73.000000	0.000000	-491.8728838500	395
1.468331	1.604292	0.967982	110.728527	74.000000	0.000000	-491.8751630300	396
1.468331	1.604292	0.967982	110.728527	75.000000	0.000000	-491.8773323900	397
1.468331	1.604292	0.967982	110.728527	76.000000	0.000000	-491.8793973100	398
1.468331	1.604292	0.967982	110.728527	77.000000	0.000000	-491.8813627700	399
1.468331	1.604292	0.967982	110.728527	78.000000	0.000000	-491.8832333600	400
1.468331	1.604292	0.967982	110.728527	79.000000	0.000000	-491.8850133400	401
1.468331	1.604292	0.967982	110.728527	80.000000	0.000000	-491.8867066800	402
1.468331	1.604292	0.967982	110.728527	81.000000	0.000000	-491.8883170500	403
1.468331	1.604292	0.967982	110.728527	82.000000	0.000000	-491.8898478500	404
1.468331	1.604292	0.967982	110.728527	83.000000	0.000000	-491.8913022800	405
1.468331	1.604292	0.967982	110.728527	84.000000	0.000000	-491.8926832800	406
1.468331	1.604292	0.967982	110.728527	85.000000	0.000000	-491.8939936300	407
1.468331	1.604292	0.967982	110.728527	86.000000	0.000000	-491.8952359000	408
1.468331	1.604292	0.967982	110.728527	87.000000	0.000000	-491.8964125300	409
1.468331	1.604292	0.967982	110.728527	88.000000	0.000000	-491.8975257800	410
1.468331	1.604292	0.967982	110.728527	89.000000	0.000000	-491.8985777900	411
1.468331	1.604292	0.967982	110.728527	90.000000	0.000000	-491.8995705700	412
1.468331	1.604292	0.967982	110.728527	91.000000	0.000000	-491.9005060300	413
1.468331	1.604292	0.967982	110.728527	92.000000	0.000000	-491.9013859400	414
1.468331	1.604292	0.967982	110.728527	93.000000	0.000000	-491.9022120200	415
1.468331	1.604292	0.967982	110.728527	94.000000	0.000000	-491.9029858900	416
1.468331	1.604292	0.967982	110.728527	95.000000	0.000000	-491.9037090800	417
1.468331	1.604292	0.967982	110.728527	96.000000	0.000000	-491.9043830500	418
1.468331	1.604292	0.967982	110.728527	97.000000	0.000000	-491.9050092100	419
1.468331	1.604292	0.967982	110.728527	98.000000	0.000000	-491.9055889100	420
1.468331	1.604292	0.967982	110.728527	99.000000	0.000000	-491.9061234300	421
1.468331	1.604292	0.967982	110.728527	100.000000	0.000000	-491.9066140000	422
1.468331	1.604292	0.967982	110.728527	101.000000	0.000000	-491.9070618300	423
1.468331	1.604292	0.967982	110.728527	102.000000	0.000000	-491.9074680700	424
1.468331	1.604292	0.967982	110.728527	103.000000	0.000000	-491.9078338200	425
1.468331	1.604292	0.967982	110.728527	104.000000	0.000000	-491.9081601900	426
1.468331	1.604292	0.967982	110.728527	105.000000	0.000000	-491.9084482100	427
1.468331	1.604292	0.967982	110.728527	106.000000	0.000000	-491.9086989200	428
1.468331	1.604292	0.967982	110.728527	107.000000	0.000000	-491.9089133000	429
1.468331	1.604292	0.967982	110.728527	108.000000	0.000000	-491.9090923500	430
1.468331	1.604292	0.967982	110.728527	109.000000	0.000000	-491.9092370300	431
1.468331	1.604292	0.967982	110.728527	110.000000	0.000000	-491.9093482700	432
1.468331	1.604292	0.967982	110.728527	111.000000	0.000000	-491.9094270000	433
1.468331	1.604292	0.967982	110.728527	112.000000	0.000000	-491.9094741400	434
1.468331	1.604292	0.967982	110.728527	113.000000	0.000000	-491.9094905900	435
1.468331	1.604292	0.967982	110.728527	114.000000	0.000000	-491.9094772500	436
1.468331	1.604292	0.967982	110.728527	115.000000	0.000000	-491.9094350100	437
1.468331	1.604292	0.967982	110.728527	116.000000	0.000000	-491.9093647400	438
1.468331	1.604292	0.967982	110.728527	117.000000	0.000000	-491.9092673200	439
1.468331	1.604292	0.967982	110.728527	118.000000	0.000000	-491.9091436200	440
1.468331	1.604292	0.967982	110.728527	119.000000	0.000000	-491.9089945100	441
1.468331	1.604292	0.967982	110.728527	120.000000	0.000000	-491.9088208700	442
1.468331	1.604292	0.967982	110.728527	121.000000	0.000000	-491.9086235400	443
1.468331	1.604292	0.967982	110.728527	122.000000	0.000000	-491.9084034000	444
1.468331	1.604292	0.967982	110.728527	123.000000	0.000000	-491.9081613200	445
1.468331	1.604292	0.967982	110.728527	124.000000	0.000000	-491.9078981500	446
1.468331	1.604292	0.967982	110.728527	125.000000	0.000000	-491.9076147700	447
1.468331	1.604292	0.967982	110.728527	126.000000	0.000000	-491.9073120500	448
1.468331	1.604292	0.967982	110.728527	127.000000	0.000000	-491.9069908600	449
1.468331	1.604292	0.967982	110.728527	128.000000	0.000000	-491.9066520600	450
1.468331	1.604292	0.967982	110.728527	129.000000	0.000000	-491.9062965500	451
1.468331	1.604292	0.967982	110.728527	130.000000	0.000000	-491.9059252000	452
1.468331	1.604292	0.967982	110.728527	131.000000	0.000000	-491.9055388900	453
1.468331	1.604292	0.967982	110.728527	132.000000	0.000000	-491.9051385100	454
1.468331	1.604292	0.967982	110.728527	133.000000	0.000000	-491.9047249400	455
1.468331	1.604292	0.967982	110.728527	134.000000	0.000000	-491.9042990900	456
1.468331	1.604292	0.967982	110.728527	135.000000	0.000000	-491.9038618300	457
1.468331	1.604292	0.967982	110.728527	136.000000	0.000000	-491.9034140800	458
1.468331	1.604292	0.967982	110.728527	137.000000	0.000000	-491.9029567200	459
1.468331	1.604292	0.967982	110.728527	138.000000	0.000000	-491.9024906500	460
1.468331	1.604292	0.967982	110.728527	139.000000	0.000000	-491.9020167800	461
1.468331	1.604292	0.967982	110.728527	140.000000	0.000000	-491.9015360100	462
1.468331	1.604292	0.967982	110.728527	141.000000	0.000000	-491.9010492400	463
1.468331	1.604292	0.967982	110.728527	142.000000	0.000000	-491.9005573600	464
1.468331	1.604292	0.967982	110.728527	143.000000	0.000000	-491.9000612900	465
1.468331	1.604292	0.967982	110.728527	144.000000	0.000000	-491.8995619100	466
1.468331	1.604292	0.967982	110.728527	145.000000	0.000000	-491.8990601200	467
1.468331	1.604292	0.967982	110.728527	146.000000	0.000000	-491.8985568300	468
1.468331	1.604292	0.967982	110.728527	147.000000	0.000000	-491.8980529000	469
1.468331	1.604292	0.967982	110.728527	148.000000	0.000000	-491.8975492400	470
1.468331	1.604292	0.967982	110.728527	149.000000	0.000000	-491.8970467200	471
1.468331	1.604292	0.967982	110.728527	150.000000	0.000000	-491.8965462000	472
1.468331	1.604292	0.967982	110.728527	151.000000	0.000000	-491.8960485600	473
1.468331	1.604292	0.967982	110.728527	152.000000	0.000000	-491.8955546600	474
1.468331	1.604292	0.967982	110.728527	153.000000	0.000000	-491.8950653300	475
1.468331	1.604292	0.967982	110.728527	154.000000	0.000000	-491.8945814200	476
1.468331	1.604292	0.967982	110.728527	155.000000	0.000000	-491.8941037600	477
1.468331	1.604292	0.967982	110.728527	156.000000	0.000000	-491.8936331500	478
1.468331	1.604292	0.967982	110.728527	157.000000	0.000000	-491.8931704000	479
1.468331	1.604292	0.967982	110.728527	158.000000	0.000000	-491.8927162800	480
1.468331	1.604292	0.967982	110.728527	159.000000	0.000000	-491.8922715800	481
1.468331	1.604292	0.967982	110.728527	160.000000	0.000000	-491.8918370400	482
1.468331	1.604292	0.967982	110.728527	161.000000	0.000000	-491.8914133900	483
1.468331	1.604292	0.967982	110.728527	162.000000	0.000000	-491.8910013600	484
1.468331	1.604292	0.967982	110.728527	163.000000	0.000000	-491.8906016200	485
1.468331	1.604292	0.967982	110.728527	164.000000	0.000000	-491.8902148700	486
1.468331	1.604292	0.967982	110.728527	165.000000	0.000000	-491.8898417500	487
1.468331	1.604292	0.967982	110.728527	166.000000	0.000000	-491.8894828800	488
1.468331	1.604292	0.967982	110.728527	167.000000	0.000000	-491.8891388600	489
1.468331	1.604292	0.967982	110.728527	168.000000	0.000000	-491.8888102800	490
1.468331	1.604292	0.967982	110.728527	169.000000	0.000000	-491.8884976800	491
1.468331	1.604292	0.967982	110.728527	170.000000	0.000000	-491.8882015900	492
1.468331	1.604292	0.967982	110.728527	171.000000	0.000000	-491.8879224900	493
1.468331	1.604292	0.967982	110.728527	172.000000	0.000000	-491.8876608600	494
1.468331	1.604292	0.967982	110.728527	173.000000	0.000000	-491.8874171100	495
1.468331	1.604292	0.967982	110.728527	174.000000	0.000000	-491.8871916700	496
1.468331	1.604292	0.967982	110.728527	175.000000	0.000000	-491.8869848900	497
1.468331	1.604292	0.967982	110.728527	176.000000	0.000000	-491.8867971100	498
1.468331	1.604292	0.967982	110.728527	177.000000	0.000000	-491.8866286500	499
1.468331	1.604292	0.967982	110.728527	178.000000	0.000000	-491.8864797500	500
1.468331	1.604292	0.967982	110.728527	179.000000	0.000000	-491.8863506700	501
1.468331	1.604292	0.967982	110.728527	180.000000	0.000000	-491.8862416000	502
1.468331	1.604292	0.967982	110.728527	113.054787	0.000000	-491.9094906200	503
1.468331	1.604292	0.967982	110.728527	113.054787	1.000000	-491.9094863600	504
1.468331	1.604292	0.967982	110.728527	113.054787	2.000000	-491.9094735700	505
1.468331	1.604292	0.967982	110.728527	113.054787	3.000000	-491.9094522600	506
1.468331	1.604292	0.967982	110.728527	113.054787	4.000000	-491.9094224700	507
1.468331	1.604292	0.967982	110.728527	113.054787	5.000000	-491.9093842200	508
1.468331	1.604292	0.967982	110.728527	113.054787	6.000000	-491.9093375600	509
1.468331	1.604292	0.967982	110.728527	113.054787	7.000000	-491.9092825400	510
1.468331	1.604292	0.967982	110.728527	113.054787	8.000000	-491.9092192200	511
1.468331	1.604292	0.967982	110.728527	113.054787	9.000000	-491.9091476700	512
1.468331	1.604292	0.967982	110.728527	113.054787	10.000000	-491.9090679700	513
1.468331	1.604292	0.967982	110.728527	113.054787	11.000000	-491.9089802000	514
1.468331	1.604292	0.967982	110.728527	113.054787	12.000000	-491.9088844700	515
1.468331	1.604292	0.967982	110.728527	113.054787	13.000000	-491.9087808800	516
1.468331	1.604292	0.967982	110.728527	113.054787	14.000000	-491.9086695400	517
1.468331	1.604292	0.967982	110.728527	113.054787	15.000000	-491.9085505800	518
1.468331	1.604292	0.967982	110.728527	113.054787	16.000000	-491.9084241200	519
1.468331	1.604292	0.967982	110.728527	113.054787	17.000000	-491.9082903200	520
1.468331	1.604292	0.967982	110.728527	113.054787	18.000000	-491.9081493000	521
1.468331	1.604292	0.967982	110.728527	113.054787	19.000000	-491.9080012400	522
1.468331	1.604292	0.967982	110.728527	113.054787	20.000000	-491.9078462800	523
1.468331	1.604292	0.967982	110.728527	113.054787	21.000000	-491.9076846100	524
1.468331	1.604292	0.967982	110.728527	113.054787	22.000000	-491.9075163900	525
1.468331	1.604292	0.967982	110.728527	113.054787	23.000000	-491.9073418200	526
1.468331	1.604292	0.967982	110.728527	113.054787	24.000000	-491.9071610800	527
1.468331	1.604292	0.967982	110.728527	113.054787	25.000000	-491.9069743700	528
1.468331	1.604292	0.967982	110.728527	113.054787	26.000000	-491.9067819000	529
1.468331	1.604292	0.967982	110.728527	113.054787	27.000000	-491.9065838800	530
1.468331	1.604292	0.967982	110.728527	113.054787	28.000000	-491.9063805100	531
1.468331	1.604292	0.967982	110.728527	113.054787	29.000000	-491.9061720300	532
1.468331	1.604292	0.967982	110.728527	113.054787	30.000000	-491.9059586700	533
1.468331	1.604292	0.967982	110.728527	113.054787	31.000000	-491.9057406400	534
1.468331	1.604292	0.967982	110.728527	113.054787	32.000000	-491.9055182100	535
1.468331	1.604292	0.967982	110.728527	113.054787	33.000000	-491.9052915900	536
1.468331	1.604292	0.967982	110.728527	113.054787	34.000000	-491.9050610600	537
1.468331	1.604292	0.967982	110.728527	113.054787	35.000000	-491.9048268400	538
1.468331	1.604292	0.967982	110.728527	113.054787	36.000000	-491.9045892100	539
1.468331	1.604292	0.967982	110.728527	113.054787	37.000000	-491.9043484200	540
1.468331	1.604292	0.967982	110.728527	113.054787	38.000000	-491.9041047400	541
1.468331	1.604292	0.967982	110.728527	113.054787	39.000000	-491.9038584200	542
1.468331	1.604292	0.967982	110.728527	113.054787	40.000000	-491.9036097500	543
1.468331	1.604292	0.967982	110.728527	113.054787	41.000000	-491.9033589900	544
1.468331	1.604292	0.967982	110.728527	113.054787	42.000000	-491.9031064300	545
1.468331	1.604292	0.967982	110.728527	113.054787	43.000000	-491.9028523200	546
1.468331	1.604292	0.967982	110.728527	113.054787	44.000000	-491.9025969700	547
1.468331	1.604292	0.967982	110.728527	113.054787	45.000000	-491.9023406400	548
1.468331	1.604292	0.967982	110.728527	113.054787	46.000000	-491.9020836200	549
1.468331	1.604292	0.967982	110.728527	113.054787	47.000000	-491.9018261900	550
1.468331	1.604292	0.967982	110.728527	113.054787	48.000000	-491.9015686400	551
1.468331	1.604292	0.967982	110.728527	113.054787	49.000000	-491.9013112500	552
1.468331	1.604292	0.967982	110.728527	113.054787	50.000000	-491.9010543100	553
1.468331	1.604292	0.967982	110.728527	113.054787	51.000000	-491.9007981000	554
1.468331	1.604292	0.967982	110.728527	113.054787	52.000000	-491.9005429200	555
1.468331	1.604292	0.967982	110.728527	113.054787	53.000000	-491.9002890300	556
1.468331	1.604292	0.967982	110.728527	113.054787	54.000000	-491.9000367300	557
1.468331	1.604292	0.967982	110.728527	113.054787	55.000000	-491.8997863100	558
1.468331	1.604292	0.967982	110.728527	113.054787	56.000000	-491.8995380300	559
1.468331	1.604292	0.967982	110.728527	113.054787	57.000000	-491.8992921800	560
1.468331	1.604292	0.967982	110.728527	113.054787	58.000000	-491.8990490300	561
1.468331	1.604292	0.967982	110.728527	113.054787	59.000000	-491.8988088700	562
1.468331	1.604292	0.967982	110.728527	113.054787	60.000000	-491.8985719500	563
1.468331	1.604292	0.967982	110.728527	113.054787	61.000000	-491.8983385600	564
1.468331	1.604292	0.967982	110.728527	113.054787	62.000000	-491.8981089500	565
1.468331	1.604292	0.967982	110.728527	113.054787	63.000000	-491.8978833800	566
1.468331	1.604292	0.967982	110.728527	113.054787	64.000000	-491.8976621100	567
1.468331	1.604292	0.967982	110.728527	113.054787	65.000000	-491.8974453900	568
1.468331	1.604292	0.967982	110.728527	113.054787	66.000000	-491.8972334600	569
1.468331	1.604292	0.967982	110.728527	113.054787	67.000000	-491.8970265800	570
1.468331	1.604292	0.967982	110.728527	113.054787	68.000000	-491.8968249600	571
1.468331	1.604292	0.967982	110.728527	113.054787	69.000000	-491.8966288500	572
1.468331	1.604292	0.967982	110.728527	113.054787	70.000000	-491.8964384600	573
1.468331	1.604292	0.967982	110.728527	113.054787	71.000000	-491.8962540100	574
1.468331	1.604292	0.967982	110.728527	113.054787	72.000000	-491.8960757000	575
1.468331	1.604292	0.967982	110.728527	113.054787	73.000000	-491.8959037400	576
1.468331	1.604292	0.967982	110.728527	113.054787	74.000000	-491.8957383100	577
1.468331	1.604292	0.967982	110.728527	113.054787	75.000000	-491.8955796100	578
1.468331	1.604292	0.967982	110.728527	113.054787	76.000000	-491.8954278000	579
1.468331	1.604292	0.967982	110.728527	113.054787	77.000000	-491.8952830600	580
1.468331	1.604292	0.967982	110.728527	113.054787	78.000000	-491.8951455300	581
1.468331	1.604292	0.967982	110.728527	113.054787	79.000000	-491.8950153700	582
1.468331	1.604292	0.967982	110.728527	113.054787	80.000000	-491.8948927200	583
1.468331	1.604292	0.967982	110.728527	113.054787	81.000000	-491.8947776900	584
1.468331	1.604292	0.967982	110.728527	113.054787	82.000000	-491.8946704000	585
1.468331	1.604292	0.967982	110.728527	113.054787	83.000000	-491.8945709700	586
1.468331	1.604292	0.967982	110.728527	113.054787	84.000000	-491.8944794800	587
1.468331	1.604292	0.967982	110.728527	113.054787	85.000000	-491.8943960200	588
1.468331	1.604292	0.967982	110.728527	113.054787	86.000000	-491.8943206600	589
1.468331	1.604292	0.967982	110.728527	113.054787	87.000000	-491.8942534700	590
1.468331	1.604292	0.967982	110.728527	113.054787	88.000000	-491.8941944800	591
1.468331	1.604292	0.967982	110.728527	113.054787	89.000000	-491.8941437400	592
1.468331	1.604292	0.967982	110.728527	113.054787	90.000000	-491.8941012800	593
1.468331	1.604292	0.967982	110.728527	113.054787	91.000000	-491.8940671000	594
1.468331	1.604292	0.967982	110.728527	113.054787	92.000000	-491.8940412100	595
1.468331	1.604292	0.967982	110.728527	113.054787	93.000000	-491.8940236000	596
1.468331	1.604292	0.967982	110.728527	113.054787	94.000000	-491.8940142500	597
1.468331	1.604292	0.967982	110.728527	113.054787	95.000000	-491.8940131300	598
1.468331	1.604292	0.967982	110.728527	113.054787	96.000000	-491.8940201800	599
1.468331	1.604292	0.967982	110.728527	113.054787	97.000000	-491.8940353500	600
1.468331	1.604292	0.967982	110.728527	113.054787	98.000000	-491.8940585800	601
1.468331	1.604292	0.967982	110.728527	113.054787	99.000000	-491.8940897800	602
1.468331	1.604292	0.967982	110.728527	113.054787	100.000000	-491.8941288600	603
1.468331	1.604292	0.967982	110.728527	113.054787	101.000000	-491.8941757300	604
1.468331	1.604292	0.967982	110.728527	113.054787	102.000000	-491.8942302600	605
1.468331	1.604292	0.967982	110.728527	113.054787	103.000000	-491.8942923400	606
1.468331	1.604292	0.967982	110.728527	113.054787	104.000000	-491.8943618300	607
1.468331	1.604292	0.967982	110.728527	113.054787	105.000000	-491.8944386000	608
1.468331	1.604292	0.967982	110.728527	113.054787	106.000000	-491.8945224800	609
1.468331	1.604292	0.967982	110.728527	113.054787	107.000000	-491.8946133200	610
1.468331	1.604292	0.967982	110.728527	113.054787	108.000000	-491.8947109500	611
1.468331	1.604292	0.967982	110.728527	113.054787	109.000000	-491.8948151800	612
1.468331	1.604292	0.967982	110.728527	113.054787	110.000000	-491.8949258300	613
1.468331	1.604292	0.967982	110.728527	113.054787	111.000000	-491.8950427100	614
1.468331	1.604292	0.967982	110.728527	113.054787	112.000000	-491.8951656100	615
1.468331	1.604292	0.967982	110.728527	113.054787	113.000000	-491.8952943200	616
1.468331	1.604292	0.967982	110.728527	113.054787	114.000000	-491.8954286300	617
1.468331	1.604292	0.967982	110.728527	113.054787	115.000000	-491.8955683100	618
1.468331	1.604292	0.967982	110.728527	113.054787	116.000000	-491.8957131400	619
1.468331	1.604292	0.967982	110.728527	113.054787	117.000000	-491.8958628800	620
1.468331	1.604292	0.967982	110.728527	113.054787	118.000000	-491.8960173000	621
1.468331	1.604292	0.967982	110.728527	113.054787	119.000000	-491.8961761500	622
1.468331	1.604292	0.967982	110.728527	113.054787	120.000000	-491.8963391800	623
1.468331	1.604292	0.967982	110.728527	113.054787	121.000000	-491.8965061400	624
1.468331	1.604292	0.967982	110.728527	113.054787	122.000000	-491.8966767900	625
1.468331	1.604292	0.967982	110.728527	113.054787	123.000000	-491.8968508500	626
1.468331	1.604292	0.967982	110.728527	113.054787	124.000000	-491.8970280800	627
1.468331	1.604292	0.967982	110.728527	113.054787	125.000000	-491.8972082100	628
1.468331	1.604292	0.967982	110.728527	113.054787	126.000000	-491.8973909700	629
1.468331	1.604292	0.967982	110.728527	113.054787	127.000000	-491.8975761100	630
1.468331	1.604292	0.967982	110.728527	113.054787	128.000000	-491.8977633500	631
1.468331	1.604292	0.967982	110.728527	113.054787	129.000000	-491.8979524300	632
1.468331	1.604292	0.967982	110.728527	113.054787	130.000000	-491.8981430900	633
1.468331	1.604292	0.967982	110.728527	113.054787	131.000000	-491.8983350500	634
1.468331	1.604292	0.967982	110.728527	113.054787	132.000000	-491.8985280600	635
1.468331	1.604292	0.967982	110.728527	113.054787	133.000000	-491.8987218400	636
1.468331	1.604292	0.967982	110.728527	113.054787	134.000000	-491.8989161400	637
1.468331	1.604292	0.967982	110.728527	113.054787	135.000000	-491.8991106900	638
1.468331	1.604292	0.967982	110.728527	113.054787	136.000000	-491.8993052400	639
1.468331	1.604292	0.967982	110.728527	113.054787	137.000000	-491.8994995200	640
1.468331	1.604292	0.967982	110.728527	113.054787	138.000000	-491.8996932800	641
1.468331	1.604292	0.967982	110.728527	113.054787	139.000000	-491.8998862600	642
1.468331	1.604292	0.967982	110.728527	113.054787	140.000000	-491.9000782300	643
1.468331	1.604292	0.967982	110.728527	113.054787	141.000000	-491.9002689300	644
1.468331	1.604292	0.967982	110.728527	113.054787	142.000000	-491.9004581100	645
1.468331	1.604292	0.967982	110.728527	113.054787	143.000000	-491.9006455500	646
1.468331	1.604292	0.967982	110.728527	113.054787	144.000000	-491.9008310000	647
1.468331	1.604292	0.967982	110.728527	113.054787	145.000000	-491.9010142400	648
1.468331	1.604292	0.967982	110.728527	113.054787	146.000000	-491.9011950300	649
1.468331	1.604292	0.967982	110.728527	113.054787	147.000000	-491.9013731600	650
1.468331	1.604292	0.967982	110.728527	113.054787	148.000000	-491.9015484000	651
1.468331	1.604292	0.967982	110.728527	113.054787	149.000000	-491.9017205500	652
1.468331	1.604292	0.967982	110.728527	113.054787	150.000000	-491.9018894000	653
1.468331	1.604292	0.967982	110.728527	113.054787	151.000000	-491.9020547400	654
1.468331	1.604292	0.967982	110.728527	113.054787	152.000000	-491.9022163900	655
1.468331	1.604292	0.967982	110.728527	113.054787	153.000000	-491.9023741400	656
1.468331	1.604292	0.967982	110.728527	113.054787	154.000000	-491.9025278100	657
1.468331	1.604292	0.967982	110.728527	113.054787	155.000000	-491.9026772200	658
1.468331	1.604292	0.967982	110.728527	113.054787	156.000000	-491.9028222000	659
1.468331	1.604292	0.967982	110.728527	113.054787	157.000000	-491.9029625900	660
1.468331	1.604292	0.967982	110.728527	113.054787	158.000000	-491.9030982100	661
1.468331	1.604292	0.967982	110.728527	113.054787	159.000000	-491.9032289100	662
1.468331	1.604292	0.967982	110.728527	113.054787	160.000000	-491.9033545400	663
1.468331	1.604292	0.967982	110.728527	113.054787	161.000000	-491.9034749700	664
1.468331	1.604292	0.967982	110.728527	113.054787	162.000000	-491.9035900500	665
1.468331	1.604292	0.967982	110.728527	113.054787	163.000000	-491.9036996600	666
1.468331	1.604292	0.967982	110.728527	113.054787	164.000000	-491.9038036600	667
1.468331	1.604292	0.967982	110.728527	113.054787	165.000000	-491.9039019600	668
1.468331	1.604292	0.967982	110.728527	113.054787	166.000000	-491.9039944200	669
1.468331	1.604292	0.967982	110.728527	113.054787	167.000000	-491.9040809600	670
1.468331	1.604292	0.967982	110.728527	113.054787	168.000000	-491.9041614800	671
1.468331	1.604292	0.967982	110.728527	113.054787	169.000000	-491.9042358800	672
1.468331	1.604292	0.967982	110.728527	113.054787	170.000000	-491.9043040900	673
1.468331	1.604292	0.967982	110.728527	113.054787	171.000000	-491.9043660400	674
1.468331	1.604292	0.967982	110.728527	113.054787	172.000000	-491.9044216400	675
1.468331	1.604292	0.967982	110.728527	113.054787	173.000000	-491.9044708400	676
1.468331	1.604292	0.967982	110.728527	113.054787	174.000000	-491.9045136000	677
1.468331	1.604292	0.967982	110.728527	113.054787	175.000000	-491.9045498500	678
1.468331	1.604292	0.967982	110.728527	113.054787	176.000000	-491.9045795700	679
1.468331	1.604292	0.967982	110.728527	113.054787	177.000000	-491.9046027200	680
1.468331	1.604292	0.967982	110.728527	113.054787	178.000000	-491.9046192700	681
1.468331	1.604292	0.967982	110.728527	113.054787	179.000000	-491.9046292100	682
1.468331	1.604292	0.967982	110.728527	113.054787	180.000000	-491.9046325200	683