1 1.220000 1.604292 0.967982 110.728527 113.054787 0.000000
2 1.230000 1.604292 0.967982 110.728527 113.054787 0.000000
3 1.240000 1.604292 0.967982 110.728527 113.054787 0.000000
4 1.250000 1.604292 0.967982 110.728527 113.054787 0.000000
5 1.260000 1.604292 0.967982 110.728527 113.054787 0.000000
6 1.270000 1.604292 0.967982 110.728527 113.054787 0.000000
7 1.280000 1.604292 0.967982 110.728527 113.054787 0.000000
8 1.290000 1.604292 0.967982 110.728527 113.054787 0.000000
9 1.300000 1.604292 0.967982 110.728527 113.054787 0.000000
10 1.310000 1.604292 0.967982 110.728527 113.054787 0.000000
11 1.320000 1.604292 0.967982 110.728527 113.054787 0.000000
12 1.330000 1.604292 0.967982 110.728527 113.054787 0.000000
13 1.340000 1.604292 0.967982 110.728527 113.054787 0.000000
14 1.350000 1.604292 0.967982 110.728527 113.054787 0.000000
15 1.360000 1.604292 0.967982 110.728527 113.054787 0.000000
16 1.370000 1.604292 0.967982 110.728527 113.054787 0.000000
17 1.380000 1.604292 0.967982 110.728527 113.054787 0.000000
18 1.390000 1.604292 0.967982 110.728527 113.054787 0.000000
19 1.400000 1.604292 0.967982 110.728527 113.054787 0.000000
20 1.410000 1.604292 0.967982 110.728527 113.054787 0.000000
21 1.420000 1.604292 0.967982 110.728527 113.054787 0.000000
22 1.430000 1.604292 0.967982 110.728527 113.054787 0.000000
23 1.440000 1.604292 0.967982 110.728527 113.054787 0.000000
24 1.450000 1.604292 0.967982 110.728527 113.054787 0.000000
25 1.460000 1.604292 0.967982 110.728527 113.054787 0.000000
26 1.470000 1.604292 0.967982 110.728527 113.054787 0.000000
27 1.480000 1.604292 0.967982 110.728527 113.054787 0.000000
28 1.490000 1.604292 0.967982 110.728527 113.054787 0.000000
29 1.500000 1.604292 0.967982 110.728527 113.054787 0.000000
30 1.510000 1.604292 0.967982 110.728527 113.054787 0.000000
31 1.520000 1.604292 0.967982 110.728527 113.054787 0.000000
32 1.530000 1.604292 0.967982 110.728527 113.054787 0.000000
33 1.540000 1.604292 0.967982 110.728527 113.054787 0.000000
34 1.550000 1.604292 0.967982 110.728527 113.054787 0.000000
35 1.560000 1.604292 0.967982 110.728527 113.054787 0.000000
36 1.570000 1.604292 0.967982 110.728527 113.054787 0.000000
37 1.580000 1.604292 0.967982 110.728527 113.054787 0.000000
38 1.590000 1.604292 0.967982 110.728527 113.054787 0.000000
39 1.600000 1.604292 0.967982 110.728527 113.054787 0.000000
40 1.610000 1.604292 0.967982 110.728527 113.054787 0.000000
41 1.620000 1.604292 0.967982 110.728527 113.054787 0.000000
42 1.630000 1.604292 0.967982 110.728527 113.054787 0.000000
43 1.640000 1.604292 0.967982 110.728527 113.054787 0.000000
44 1.650000 1.604292 0.967982 110.728527 113.054787 0.000000
45 1.660000 1.604292 0.967982 110.728527 113.054787 0.000000
46 1.670000 1.604292 0.967982 110.728527 113.054787 0.000000
47 1.680000 1.604292 0.967982 110.728527 113.054787 0.000000
48 1.690000 1.604292 0.967982 110.728527 113.054787 0.000000
49 1.700000 1.604292 0.967982 110.728527 113.054787 0.000000
50 1.710000 1.604292 0.967982 110.728527 113.054787 0.000000
51 1.720000 1.604292 0.967982 110.728527 113.054787 0.000000
52 1.730000 1.604292 0.967982 110.728527 113.054787 0.000000
53 1.740000 1.604292 0.967982 110.728527 113.054787 0.000000
54 1.750000 1.604292 0.967982 110.728527 113.054787 0.000000
55 1.760000 1.604292 0.967982 110.728527 113.054787 0.000000
56 1.770000 1.604292 0.967982 110.728527 113.054787 0.000000
57 1.780000 1.604292 0.967982 110.728527 113.054787 0.000000
58 1.790000 1.604292 0.967982 110.728527 113.054787 0.000000
59 1.800000 1.604292 0.967982 110.728527 113.054787 0.000000
60 1.810000 1.604292 0.967982 110.728527 113.054787 0.000000
61 1.820000 1.604292 0.967982 110.728527 113.054787 0.000000
62 1.830000 1.604292 0.967982 110.728527 113.054787 0.000000
63 1.840000 1.604292 0.967982 110.728527 113.054787 0.000000
64 1.850000 1.604292 0.967982 110.728527 113.054787 0.000000
65 1.860000 1.604292 0.967982 110.728527 113.054787 0.000000
66 1.870000 1.604292 0.967982 110.728527 113.054787 0.000000
67 1.880000 1.604292 0.967982 110.728527 113.054787 0.000000
68 1.890000 1.604292 0.967982 110.728527 113.054787 0.000000
69 1.900000 1.604292 0.967982 110.728527 113.054787 0.000000
70 1.910000 1.604292 0.967982 110.728527 113.054787 0.000000
71 1.920000 1.604292 0.967982 110.728527 113.054787 0.000000
72 1.930000 1.604292 0.967982 110.728527 113.054787 0.000000
73 1.940000 1.604292 0.967982 110.728527 113.054787 0.000000
74 1.950000 1.604292 0.967982 110.728527 113.054787 0.000000
75 1.960000 1.604292 0.967982 110.728527 113.054787 0.000000
76 1.970000 1.604292 0.967982 110.728527 113.054787 0.000000
77 1.980000 1.604292 0.967982 110.728527 113.054787 0.000000
78 1.990000 1.604292 0.967982 110.728527 113.054787 0.000000
79 2.000000 1.604292 0.967982 110.728527 113.054787 0.000000
80 1.468331 1.300000 0.967982 110.728527 113.054787 0.000000
81 1.468331 1.310000 0.967982 110.728527 113.054787 0.000000
82 1.468331 1.320000 0.967982 110.728527 113.054787 0.000000
83 1.468331 1.330000 0.967982 110.728527 113.054787 0.000000
84 1.468331 1.340000 0.967982 110.728527 113.054787 0.000000
85 1.468331 1.350000 0.967982 110.728527 113.054787 0.000000
86 1.468331 1.360000 0.967982 110.728527 113.054787 0.000000
87 1.468331 1.370000 0.967982 110.728527 113.054787 0.000000
88 1.468331 1.380000 0.967982 110.728527 113.054787 0.000000
89 1.468331 1.390000 0.967982 110.728527 113.054787 0.000000
90 1.468331 1.400000 0.967982 110.728527 113.054787 0.000000
91 1.468331 1.410000 0.967982 110.728527 113.054787 0.000000
92 1.468331 1.420000 0.967982 110.728527 113.054787 0.000000
93 1.468331 1.430000 0.967982 110.728527 113.054787 0.000000
94 1.468331 1.440000 0.967982 110.728527 113.054787 0.000000
95 1.468331 1.450000 0.967982 110.728527 113.054787 0.000000
96 1.468331 1.460000 0.967982 110.728527 113.054787 0.000000
97 1.468331 1.470000 0.967982 110.728527 113.054787 0.000000
98 1.468331 1.480000 0.967982 110.728527 113.054787 0.000000
99 1.468331 1.490000 0.967982 110.728527 113.054787 0.000000
100 1.468331 1.500000 0.967982 110.728527 113.054787 0.000000
101 1.468331 1.510000 0.967982 110.728527 113.054787 0.000000
102 1.468331 1.520000 0.967982 110.728527 113.054787 0.000000
103 1.468331 1.530000 0.967982 110.728527 113.054787 0.000000
104 1.468331 1.540000 0.967982 110.728527 113.054787 0.000000
105 1.468331 1.550000 0.967982 110.728527 113.054787 0.000000
106 1.468331 1.560000 0.967982 110.728527 113.054787 0.000000
107 1.468331 1.570000 0.967982 110.728527 113.054787 0.000000
108 1.468331 1.580000 0.967982 110.728527 113.054787 0.000000
109 1.468331 1.590000 0.967982 110.728527 113.054787 0.000000
110 1.468331 1.600000 0.967982 110.728527 113.054787 0.000000
111 1.468331 1.610000 0.967982 110.728527 113.054787 0.000000
112 1.468331 1.620000 0.967982 110.728527 113.054787 0.000000
113 1.468331 1.630000 0.967982 110.728527 113.054787 0.000000
114 1.468331 1.640000 0.967982 110.728527 113.054787 0.000000
115 1.468331 1.650000 0.967982 110.728527 113.054787 0.000000
116 1.468331 1.660000 0.967982 110.728527 113.054787 0.000000
117 1.468331 1.670000 0.967982 110.728527 113.054787 0.000000
118 1.468331 1.680000 0.967982 110.728527 113.054787 0.000000
119 1.468331 1.690000 0.967982 110.728527 113.054787 0.000000
120 1.468331 1.700000 0.967982 110.728527 113.054787 0.000000
121 1.468331 1.710000 0.967982 110.728527 113.054787 0.000000
122 1.468331 1.720000 0.967982 110.728527 113.054787 0.000000
123 1.468331 1.730000 0.967982 110.728527 113.054787 0.000000
124 1.468331 1.740000 0.967982 110.728527 113.054787 0.000000
125 1.468331 1.750000 0.967982 110.728527 113.054787 0.000000
126 1.468331 1.760000 0.967982 110.728527 113.054787 0.000000
127 1.468331 1.770000 0.967982 110.728527 113.054787 0.000000
128 1.468331 1.780000 0.967982 110.728527 113.054787 0.000000
129 1.468331 1.790000 0.967982 110.728527 113.054787 0.000000
130 1.468331 1.800000 0.967982 110.728527 113.054787 0.000000
131 1.468331 1.810000 0.967982 110.728527 113.054787 0.000000
132 1.468331 1.820000 0.967982 110.728527 113.054787 0.000000
133 1.468331 1.830000 0.967982 110.728527 113.054787 0.000000
134 1.468331 1.840000 0.967982 110.728527 113.054787 0.000000
135 1.468331 1.850000 0.967982 110.728527 113.054787 0.000000
136 1.468331 1.860000 0.967982 110.728527 113.054787 0.000000
137 1.468331 1.870000 0.967982 110.728527 113.054787 0.000000
138 1.468331 1.880000 0.967982 110.728527 113.054787 0.000000
139 1.468331 1.890000 0.967982 110.728527 113.054787 0.000000
140 1.468331 1.900000 0.967982 110.728527 113.054787 0.000000
141 1.468331 1.910000 0.967982 110.728527 113.054787 0.000000
142 1.468331 1.920000 0.967982 110.728527 113.054787 0.000000
143 1.468331 1.930000 0.967982 110.728527 113.054787 0.000000
144 1.468331 1.940000 0.967982 110.728527 113.054787 0.000000
145 1.468331 1.950000 0.967982 110.728527 113.054787 0.000000
146 1.468331 1.960000 0.967982 110.728527 113.054787 0.000000
147 1.468331 1.970000 0.967982 110.728527 113.054787 0.000000
148 1.468331 1.980000 0.967982 110.728527 113.054787 0.000000
149 1.468331 1.990000 0.967982 110.728527 113.054787 0.000000
150 1.468331 2.000000 0.967982 110.728527 113.054787 0.000000
151 1.468331 2.010000 0.967982 110.728527 113.054787 0.000000
152 1.468331 2.020000 0.967982 110.728527 113.054787 0.000000
153 1.468331 2.030000 0.967982 110.728527 113.054787 0.000000
154 1.468331 2.040000 0.967982 110.728527 113.054787 0.000000
155 1.468331 2.050000 0.967982 110.728527 113.054787 0.000000
156 1.468331 2.060000 0.967982 110.728527 113.054787 0.000000
157 1.468331 2.070000 0.967982 110.728527 113.054787 0.000000
158 1.468331 2.080000 0.967982 110.728527 113.054787 0.000000
159 1.468331 2.090000 0.967982 110.728527 113.054787 0.000000
160 1.468331 2.100000 0.967982 110.728527 113.054787 0.000000
161 1.468331 2.110000 0.967982 110.728527 113.054787 0.000000
162 1.468331 2.120000 0.967982 110.728527 113.054787 0.000000
163 1.468331 2.130000 0.967982 110.728527 113.054787 0.000000
164 1.468331 2.140000 0.967982 110.728527 113.054787 0.000000
165 1.468331 2.150000 0.967982 110.728527 113.054787 0.000000
166 1.468331 2.160000 0.967982 110.728527 113.054787 0.000000
167 1.468331 2.170000 0.967982 110.728527 113.054787 0.000000
168 1.468331 2.180000 0.967982 110.728527 113.054787 0.000000
169 1.468331 2.190000 0.967982 110.728527 113.054787 0.000000
170 1.468331 2.200000 0.967982 110.728527 113.054787 0.000000
171 1.468331 2.210000 0.967982 110.728527 113.054787 0.000000
172 1.468331 2.220000 0.967982 110.728527 113.054787 0.000000
173 1.468331 2.230000 0.967982 110.728527 113.054787 0.000000
174 1.468331 2.240000 0.967982 110.728527 113.054787 0.000000
175 1.468331 2.250000 0.967982 110.728527 113.054787 0.000000
176 1.468331 2.260000 0.967982 110.728527 113.054787 0.000000
177 1.468331 2.270000 0.967982 110.728527 113.054787 0.000000
178 1.468331 2.280000 0.967982 110.728527 113.054787 0.000000
179 1.468331 2.290000 0.967982 110.728527 113.054787 0.000000
180 1.468331 2.300000 0.967982 110.728527 113.054787 0.000000
181 1.468331 2.310000 0.967982 110.728527 113.054787 0.000000
182 1.468331 2.320000 0.967982 110.728527 113.054787 0.000000
183 1.468331 2.330000 0.967982 110.728527 113.054787 0.000000
184 1.468331 2.340000 0.967982 110.728527 113.054787 0.000000
185 1.468331 2.350000 0.967982 110.728527 113.054787 0.000000
186 1.468331 2.360000 0.967982 110.728527 113.054787 0.000000
187 1.468331 2.370000 0.967982 110.728527 113.054787 0.000000
188 1.468331 2.380000 0.967982 110.728527 113.054787 0.000000
189 1.468331 2.390000 0.967982 110.728527 113.054787 0.000000
190 1.468331 2.400000 0.967982 110.728527 113.054787 0.000000
191 1.468331 1.604292 0.700000 110.728527 113.054787 0.000000
192 1.468331 1.604292 0.710000 110.728527 113.054787 0.000000
193 1.468331 1.604292 0.720000 110.728527 113.054787 0.000000
194 1.468331 1.604292 0.730000 110.728527 113.054787 0.000000
195 1.468331 1.604292 0.740000 110.728527 113.054787 0.000000
196 1.468331 1.604292 0.750000 110.728527 113.054787 0.000000
197 1.468331 1.604292 0.760000 110.728527 113.054787 0.000000
198 1.468331 1.604292 0.770000 110.728527 113.054787 0.000000
199 1.468331 1.604292 0.780000 110.728527 113.054787 0.000000
200 1.468331 1.604292 0.790000 110.728527 113.054787 0.000000
201 1.468331 1.604292 0.800000 110.728527 113.054787 0.000000
202 1.468331 1.604292 0.810000 110.728527 113.054787 0.000000
203 1.468331 1.604292 0.820000 110.728527 113.054787 0.000000
204 1.468331 1.604292 0.830000 110.728527 113.054787 0.000000
205 1.468331 1.604292 0.840000 110.728527 113.054787 0.000000
206 1.468331 1.604292 0.850000 110.728527 113.054787 0.000000
207 1.468331 1.604292 0.860000 110.728527 113.054787 0.000000
208 1.468331 1.604292 0.870000 110.728527 113.054787 0.000000
209 1.468331 1.604292 0.880000 110.728527 113.054787 0.000000
210 1.468331 1.604292 0.890000 110.728527 113.054787 0.000000
211 1.468331 1.604292 0.900000 110.728527 113.054787 0.000000
212 1.468331 1.604292 0.910000 110.728527 113.054787 0.000000
213 1.468331 1.604292 0.920000 110.728527 113.054787 0.000000
214 1.468331 1.604292 0.930000 110.728527 113.054787 0.000000
215 1.468331 1.604292 0.940000 110.728527 113.054787 0.000000
216 1.468331 1.604292 0.950000 110.728527 113.054787 0.000000
217 1.468331 1.604292 0.960000 110.728527 113.054787 0.000000
218 1.468331 1.604292 0.970000 110.728527 113.054787 0.000000
219 1.468331 1.604292 0.980000 110.728527 113.054787 0.000000
220 1.468331 1.604292 0.990000 110.728527 113.054787 0.000000
221 1.468331 1.604292 1.000000 110.728527 113.054787 0.000000
222 1.468331 1.604292 1.010000 110.728527 113.054787 0.000000
223 1.468331 1.604292 1.020000 110.728527 113.054787 0.000000
224 1.468331 1.604292 1.030000 110.728527 113.054787 0.000000
225 1.468331 1.604292 1.040000 110.728527 113.054787 0.000000
226 1.468331 1.604292 1.050000 110.728527 113.054787 0.000000
227 1.468331 1.604292 1.060000 110.728527 113.054787 0.000000
228 1.468331 1.604292 1.070000 110.728527 113.054787 0.000000
229 1.468331 1.604292 1.080000 110.728527 113.054787 0.000000
230 1.468331 1.604292 1.090000 110.728527 113.054787 0.000000
231 1.468331 1.604292 1.100000 110.728527 113.054787 0.000000
232 1.468331 1.604292 1.110000 110.728527 113.054787 0.000000
233 1.468331 1.604292 1.120000 110.728527 113.054787 0.000000
234 1.468331 1.604292 1.130000 110.728527 113.054787 0.000000
235 1.468331 1.604292 1.140000 110.728527 113.054787 0.000000
236 1.468331 1.604292 1.150000 110.728527 113.054787 0.000000
237 1.468331 1.604292 1.160000 110.728527 113.054787 0.000000
238 1.468331 1.604292 1.170000 110.728527 113.054787 0.000000
239 1.468331 1.604292 1.180000 110.728527 113.054787 0.000000
240 1.468331 1.604292 1.190000 110.728527 113.054787 0.000000
241 1.468331 1.604292 1.200000 110.728527 113.054787 0.000000
242 1.468331 1.604292 1.210000 110.728527 113.054787 0.000000
243 1.468331 1.604292 1.220000 110.728527 113.054787 0.000000
244 1.468331 1.604292 1.230000 110.728527 113.054787 0.000000
245 1.468331 1.604292 1.240000 110.728527 113.054787 0.000000
246 1.468331 1.604292 1.250000 110.728527 113.054787 0.000000
247 1.468331 1.604292 1.260000 110.728527 113.054787 0.000000
248 1.468331 1.604292 1.270000 110.728527 113.054787 0.000000
249 1.468331 1.604292 1.280000 110.728527 113.054787 0.000000
250 1.468331 1.604292 1.290000 110.728527 113.054787 0.000000
251 1.468331 1.604292 1.300000 110.728527 113.054787 0.000000
252 1.468331 1.604292 1.310000 110.728527 113.054787 0.000000
253 1.468331 1.604292 1.320000 110.728527 113.054787 0.000000
254 1.468331 1.604292 1.330000 110.728527 113.054787 0.000000
255 1.468331 1.604292 1.340000 110.728527 113.054787 0.000000
256 1.468331 1.604292 1.350000 110.728527 113.054787 0.000000
257 1.468331 1.604292 1.360000 110.728527 113.054787 0.000000
258 1.468331 1.604292 1.370000 110.728527 113.054787 0.000000
259 1.468331 1.604292 1.380000 110.728527 113.054787 0.000000
260 1.468331 1.604292 1.390000 110.728527 113.054787 0.000000
261 1.468331 1.604292 1.400000 110.728527 113.054787 0.000000
262 1.468331 1.604292 1.410000 110.728527 113.054787 0.000000
263 1.468331 1.604292 1.420000 110.728527 113.054787 0.000000
264 1.468331 1.604292 1.430000 110.728527 113.054787 0.000000
265 1.468331 1.604292 1.440000 110.728527 113.054787 0.000000
266 1.468331 1.604292 1.450000 110.728527 113.054787 0.000000
267 1.468331 1.604292 1.460000 110.728527 113.054787 0.000000
268 1.468331 1.604292 1.470000 110.728527 113.054787 0.000000
269 1.468331 1.604292 1.480000 110.728527 113.054787 0.000000
270 1.468331 1.604292 1.490000 110.728527 113.054787 0.000000
271 1.468331 1.604292 1.500000 110.728527 113.054787 0.000000
272 1.468331 1.604292 0.967982 75.000000 113.054787 0.000000
273 1.468331 1.604292 0.967982 76.000000 113.054787 0.000000
274 1.468331 1.604292 0.967982 77.000000 113.054787 0.000000
275 1.468331 1.604292 0.967982 78.000000 113.054787 0.000000
276 1.468331 1.604292 0.967982 79.000000 113.054787 0.000000
277 1.468331 1.604292 0.967982 80.000000 113.054787 0.000000
278 1.468331 1.604292 0.967982 81.000000 113.054787 0.000000
279 1.468331 1.604292 0.967982 82.000000 113.054787 0.000000
280 1.468331 1.604292 0.967982 83.000000 113.054787 0.000000
281 1.468331 1.604292 0.967982 84.000000 113.054787 0.000000
282 1.468331 1.604292 0.967982 85.000000 113.054787 0.000000
283 1.468331 1.604292 0.967982 86.000000 113.054787 0.000000
284 1.468331 1.604292 0.967982 87.000000 113.054787 0.000000
285 1.468331 1.604292 0.967982 88.000000 113.054787 0.000000
286 1.468331 1.604292 0.967982 89.000000 113.054787 0.000000
287 1.468331 1.604292 0.967982 90.000000 113.054787 0.000000
288 1.468331 1.604292 0.967982 91.000000 113.054787 0.000000
289 1.468331 1.604292 0.967982 92.000000 113.054787 0.000000
290 1.468331 1.604292 0.967982 93.000000 113.054787 0.000000
291 1.468331 1.604292 0.967982 94.000000 113.054787 0.000000
292 1.468331 1.604292 0.967982 95.000000 113.054787 0.000000
293 1.468331 1.604292 0.967982 96.000000 113.054787 0.000000
294 1.468331 1.604292 0.967982 97.000000 113.054787 0.000000
295 1.468331 1.604292 0.967982 98.000000 113.054787 0.000000
296 1.468331 1.604292 0.967982 99.000000 113.054787 0.000000
297 1.468331 1.604292 0.967982 100.000000 113.054787 0.000000
298 1.468331 1.604292 0.967982 101.000000 113.054787 0.000000
299 1.468331 1.604292 0.967982 102.000000 113.054787 0.000000
300 1.468331 1.604292 0.967982 103.000000 113.054787 0.000000
301 1.468331 1.604292 0.967982 104.000000 113.054787 0.000000
302 1.468331 1.604292 0.967982 105.000000 113.054787 0.000000
303 1.468331 1.604292 0.967982 106.000000 113.054787 0.000000
304 1.468331 1.604292 0.967982 107.000000 113.054787 0.000000
305 1.468331 1.604292 0.967982 108.000000 113.054787 0.000000
306 1.468331 1.604292 0.967982 109.000000 113.054787 0.000000
307 1.468331 1.604292 0.967982 110.000000 113.054787 0.000000
308 1.468331 1.604292 0.967982 111.000000 113.054787 0.000000
309 1.468331 1.604292 0.967982 112.000000 113.054787 0.000000
310 1.468331 1.604292 0.967982 113.000000 113.054787 0.000000
311 1.468331 1.604292 0.967982 114.000000 113.054787 0.000000
312 1.468331 1.604292 0.967982 115.000000 113.054787 0.000000
313 1.468331 1.604292 0.967982 116.000000 113.054787 0.000000
314 1.468331 1.604292 0.967982 117.000000 113.054787 0.000000
315 1.468331 1.604292 0.967982 118.000000 113.054787 0.000000
316 1.468331 1.604292 0.967982 119.000000 113.054787 0.000000
317 1.468331 1.604292 0.967982 120.000000 113.054787 0.000000
318 1.468331 1.604292 0.967982 121.000000 113.054787 0.000000
319 1.468331 1.604292 0.967982 122.000000 113.054787 0.000000
320 1.468331 1.604292 0.967982 123.000000 113.054787 0.000000
321 1.468331 1.604292 0.967982 124.000000 113.054787 0.000000
322 1.468331 1.604292 0.967982 125.000000 113.054787 0.000000
323 1.468331 1.604292 0.967982 126.000000 113.054787 0.000000
324 1.468331 1.604292 0.967982 127.000000 113.054787 0.000000
325 1.468331 1.604292 0.967982 128.000000 113.054787 0.000000
326 1.468331 1.604292 0.967982 129.000000 113.054787 0.000000
327 1.468331 1.604292 0.967982 130.000000 113.054787 0.000000
328 1.468331 1.604292 0.967982 131.000000 113.054787 0.000000
329 1.468331 1.604292 0.967982 132.000000 113.054787 0.000000
330 1.468331 1.604292 0.967982 133.000000 113.054787 0.000000
331 1.468331 1.604292 0.967982 134.000000 113.054787 0.000000
332 1.468331 1.604292 0.967982 135.000000 113.054787 0.000000
333 1.468331 1.604292 0.967982 136.000000 113.054787 0.000000
334 1.468331 1.604292 0.967982 137.000000 113.054787 0.000000
335 1.468331 1.604292 0.967982 138.000000 113.054787 0.000000
336 1.468331 1.604292 0.967982 139.000000 113.054787 0.000000
337 1.468331 1.604292 0.967982 140.000000 113.054787 0.000000
338 1.468331 1.604292 0.967982 141.000000 113.054787 0.000000
339 1.468331 1.604292 0.967982 142.000000 113.054787 0.000000
340 1.468331 1.604292 0.967982 143.000000 113.054787 0.000000
341 1.468331 1.604292 0.967982 144.000000 113.054787 0.000000
342 1.468331 1.604292 0.967982 145.000000 113.054787 0.000000
343 1.468331 1.604292 0.967982 146.000000 113.054787 0.000000
344 1.468331 1.604292 0.967982 147.000000 113.054787 0.000000
345 1.468331 1.604292 0.967982 148.000000 113.054787 0.000000
346 1.468331 1.604292 0.967982 149.000000 113.054787 0.000000
347 1.468331 1.604292 0.967982 150.000000 113.054787 0.000000
348 1.468331 1.604292 0.967982 151.000000 113.054787 0.000000
349 1.468331 1.604292 0.967982 152.000000 113.054787 0.000000
350 1.468331 1.604292 0.967982 153.000000 113.054787 0.000000
351 1.468331 1.604292 0.967982 154.000000 113.054787 0.000000
352 1.468331 1.604292 0.967982 155.000000 113.054787 0.000000
353 1.468331 1.604292 0.967982 156.000000 113.054787 0.000000
354 1.468331 1.604292 0.967982 157.000000 113.054787 0.000000
355 1.468331 1.604292 0.967982 158.000000 113.054787 0.000000
356 1.468331 1.604292 0.967982 159.000000 113.054787 0.000000
357 1.468331 1.604292 0.967982 160.000000 113.054787 0.000000
358 1.468331 1.604292 0.967982 161.000000 113.054787 0.000000
359 1.468331 1.604292 0.967982 162.000000 113.054787 0.000000
360 1.468331 1.604292 0.967982 163.000000 113.054787 0.000000
361 1.468331 1.604292 0.967982 164.000000 113.054787 0.000000
362 1.468331 1.604292 0.967982 165.000000 113.054787 0.000000
363 1.468331 1.604292 0.967982 166.000000 113.054787 0.000000
364 1.468331 1.604292 0.967982 167.000000 113.054787 0.000000
365 1.468331 1.604292 0.967982 168.000000 113.054787 0.000000
366 1.468331 1.604292 0.967982 169.000000 113.054787 0.000000
367 1.468331 1.604292 0.967982 170.000000 113.054787 0.000000
368 1.468331 1.604292 0.967982 171.000000 113.054787 0.000000
369 1.468331 1.604292 0.967982 172.000000 113.054787 0.000000
370 1.468331 1.604292 0.967982 173.000000 113.054787 0.000000
371 1.468331 1.604292 0.967982 174.000000 113.054787 0.000000
372 1.468331 1.604292 0.967982 175.000000 113.054787 0.000000
373 1.468331 1.604292 0.967982 176.000000 113.054787 0.000000
374 1.468331 1.604292 0.967982 177.000000 113.054787 0.000000
375 1.468331 1.604292 0.967982 178.000000 113.054787 0.000000
376 1.468331 1.604292 0.967982 179.000000 113.054787 0.000000
377 1.468331 1.604292 0.967982 110.728527 55.000000 0.000000
378 1.468331 1.604292 0.967982 110.728527 56.000000 0.000000
379 1.468331 1.604292 0.967982 110.728527 57.000000 0.000000
380 1.468331 1.604292 0.967982 110.728527 58.000000 0.000000
381 1.468331 1.604292 0.967982 110.728527 59.000000 0.000000
382 1.468331 1.604292 0.967982 110.728527 60.000000 0.000000
383 1.468331 1.604292 0.967982 110.728527 61.000000 0.000000
384 1.468331 1.604292 0.967982 110.728527 62.000000 0.000000
385 1.468331 1.604292 0.967982 110.728527 63.000000 0.000000
386 1.468331 1.604292 0.967982 110.728527 64.000000 0.000000
387 1.468331 1.604292 0.967982 110.728527 65.000000 0.000000
388 1.468331 1.604292 0.967982 110.728527 66.000000 0.000000
389 1.468331 1.604292 0.967982 110.728527 67.000000 0.000000
390 1.468331 1.604292 0.967982 110.728527 68.000000 0.000000
391 1.468331 1.604292 0.967982 110.728527 69.000000 0.000000
392 1.468331 1.604292 0.967982 110.728527 70.000000 0.000000
393 1.468331 1.604292 0.967982 110.728527 71.000000 0.000000
394 1.468331 1.604292 0.967982 110.728527 72.000000 0.000000
395 1.468331 1.604292 0.967982 110.728527 73.000000 0.000000
396 1.468331 1.604292 0.967982 110.728527 74.000000 0.000000
397 1.468331 1.604292 0.967982 110.728527 75.000000 0.000000
398 1.468331 1.604292 0.967982 110.728527 76.000000 0.000000
399 1.468331 1.604292 0.967982 110.728527 77.000000 0.000000
400 1.468331 1.604292 0.967982 110.728527 78.000000 0.000000
401 1.468331 1.604292 0.967982 110.728527 79.000000 0.000000
402 1.468331 1.604292 0.967982 110.728527 80.000000 0.000000
403 1.468331 1.604292 0.967982 110.728527 81.000000 0.000000
404 1.468331 1.604292 0.967982 110.728527 82.000000 0.000000
405 1.468331 1.604292 0.967982 110.728527 83.000000 0.000000
406 1.468331 1.604292 0.967982 110.728527 84.000000 0.000000
407 1.468331 1.604292 0.967982 110.728527 85.000000 0.000000
408 1.468331 1.604292 0.967982 110.728527 86.000000 0.000000
409 1.468331 1.604292 0.967982 110.728527 87.000000 0.000000
410 1.468331 1.604292 0.967982 110.728527 88.000000 0.000000
411 1.468331 1.604292 0.967982 110.728527 89.000000 0.000000
412 1.468331 1.604292 0.967982 110.728527 90.000000 0.000000
413 1.468331 1.604292 0.967982 110.728527 91.000000 0.000000
414 1.468331 1.604292 0.967982 110.728527 92.000000 0.000000
415 1.468331 1.604292 0.967982 110.728527 93.000000 0.000000
416 1.468331 1.604292 0.967982 110.728527 94.000000 0.000000
417 1.468331 1.604292 0.967982 110.728527 95.000000 0.000000
418 1.468331 1.604292 0.967982 110.728527 96.000000 0.000000
419 1.468331 1.604292 0.967982 110.728527 97.000000 0.000000
420 1.468331 1.604292 0.967982 110.728527 98.000000 0.000000
421 1.468331 1.604292 0.967982 110.728527 99.000000 0.000000
422 1.468331 1.604292 0.967982 110.728527 100.000000 0.000000
423 1.468331 1.604292 0.967982 110.728527 101.000000 0.000000
424 1.468331 1.604292 0.967982 110.728527 102.000000 0.000000
425 1.468331 1.604292 0.967982 110.728527 103.000000 0.000000
426 1.468331 1.604292 0.967982 110.728527 104.000000 0.000000
427 1.468331 1.604292 0.967982 110.728527 105.000000 0.000000
428 1.468331 1.604292 0.967982 110.728527 106.000000 0.000000
429 1.468331 1.604292 0.967982 110.728527 107.000000 0.000000
430 1.468331 1.604292 0.967982 110.728527 108.000000 0.000000
431 1.468331 1.604292 0.967982 110.728527 109.000000 0.000000
432 1.468331 1.604292 0.967982 110.728527 110.000000 0.000000
433 1.468331 1.604292 0.967982 110.728527 111.000000 0.000000
434 1.468331 1.604292 0.967982 110.728527 112.000000 0.000000
435 1.468331 1.604292 0.967982 110.728527 113.000000 0.000000
436 1.468331 1.604292 0.967982 110.728527 114.000000 0.000000
437 1.468331 1.604292 0.967982 110.728527 115.000000 0.000000
438 1.468331 1.604292 0.967982 110.728527 116.000000 0.000000
439 1.468331 1.604292 0.967982 110.728527 117.000000 0.000000
440 1.468331 1.604292 0.967982 110.728527 118.000000 0.000000
441 1.468331 1.604292 0.967982 110.728527 119.000000 0.000000
442 1.468331 1.604292 0.967982 110.728527 120.000000 0.000000
443 1.468331 1.604292 0.967982 110.728527 121.000000 0.000000
444 1.468331 1.604292 0.967982 110.728527 122.000000 0.000000
445 1.468331 1.604292 0.967982 110.728527 123.000000 0.000000
446 1.468331 1.604292 0.967982 110.728527 124.000000 0.000000
447 1.468331 1.604292 0.967982 110.728527 125.000000 0.000000
448 1.468331 1.604292 0.967982 110.728527 126.000000 0.000000
449 1.468331 1.604292 0.967982 110.728527 127.000000 0.000000
450 1.468331 1.604292 0.967982 110.728527 128.000000 0.000000
451 1.468331 1.604292 0.967982 110.728527 129.000000 0.000000
452 1.468331 1.604292 0.967982 110.728527 130.000000 0.000000
453 1.468331 1.604292 0.967982 110.728527 131.000000 0.000000
454 1.468331 1.604292 0.967982 110.728527 132.000000 0.000000
455 1.468331 1.604292 0.967982 110.728527 133.000000 0.000000
456 1.468331 1.604292 0.967982 110.728527 134.000000 0.000000
457 1.468331 1.604292 0.967982 110.728527 135.000000 0.000000
458 1.468331 1.604292 0.967982 110.728527 136.000000 0.000000
459 1.468331 1.604292 0.967982 110.728527 137.000000 0.000000
460 1.468331 1.604292 0.967982 110.728527 138.000000 0.000000
461 1.468331 1.604292 0.967982 110.728527 139.000000 0.000000
462 1.468331 1.604292 0.967982 110.728527 140.000000 0.000000
463 1.468331 1.604292 0.967982 110.728527 141.000000 0.000000
464 1.468331 1.604292 0.967982 110.728527 142.000000 0.000000
465 1.468331 1.604292 0.967982 110.728527 143.000000 0.000000
466 1.468331 1.604292 0.967982 110.728527 144.000000 0.000000
467 1.468331 1.604292 0.967982 110.728527 145.000000 0.000000
468 1.468331 1.604292 0.967982 110.728527 146.000000 0.000000
469 1.468331 1.604292 0.967982 110.728527 147.000000 0.000000
470 1.468331 1.604292 0.967982 110.728527 148.000000 0.000000
471 1.468331 1.604292 0.967982 110.728527 149.000000 0.000000
472 1.468331 1.604292 0.967982 110.728527 150.000000 0.000000
473 1.468331 1.604292 0.967982 110.728527 151.000000 0.000000
474 1.468331 1.604292 0.967982 110.728527 152.000000 0.000000
475 1.468331 1.604292 0.967982 110.728527 153.000000 0.000000
476 1.468331 1.604292 0.967982 110.728527 154.000000 0.000000
477 1.468331 1.604292 0.967982 110.728527 155.000000 0.000000
478 1.468331 1.604292 0.967982 110.728527 156.000000 0.000000
479 1.468331 1.604292 0.967982 110.728527 157.000000 0.000000
480 1.468331 1.604292 0.967982 110.728527 158.000000 0.000000
481 1.468331 1.604292 0.967982 110.728527 159.000000 0.000000
482 1.468331 1.604292 0.967982 110.728527 160.000000 0.000000
483 1.468331 1.604292 0.967982 110.728527 161.000000 0.000000
484 1.468331 1.604292 0.967982 110.728527 162.000000 0.000000
485 1.468331 1.604292 0.967982 110.728527 163.000000 0.000000
486 1.468331 1.604292 0.967982 110.728527 164.000000 0.000000
487 1.468331 1.604292 0.967982 110.728527 165.000000 0.000000
488 1.468331 1.604292 0.967982 110.728527 166.000000 0.000000
489 1.468331 1.604292 0.967982 110.728527 167.000000 0.000000
490 1.468331 1.604292 0.967982 110.728527 168.000000 0.000000
491 1.468331 1.604292 0.967982 110.728527 169.000000 0.000000
492 1.468331 1.604292 0.967982 110.728527 170.000000 0.000000
493 1.468331 1.604292 0.967982 110.728527 171.000000 0.000000
494 1.468331 1.604292 0.967982 110.728527 172.000000 0.000000
495 1.468331 1.604292 0.967982 110.728527 173.000000 0.000000
496 1.468331 1.604292 0.967982 110.728527 174.000000 0.000000
497 1.468331 1.604292 0.967982 110.728527 175.000000 0.000000
498 1.468331 1.604292 0.967982 110.728527 176.000000 0.000000
499 1.468331 1.604292 0.967982 110.728527 177.000000 0.000000
500 1.468331 1.604292 0.967982 110.728527 178.000000 0.000000
501 1.468331 1.604292 0.967982 110.728527 179.000000 0.000000
502 1.468331 1.604292 0.967982 110.728527 180.000000 0.000000
503 1.468331 1.604292 0.967982 110.728527 113.054787 0.000000
504 1.468331 1.604292 0.967982 110.728527 113.054787 1.000000
505 1.468331 1.604292 0.967982 110.728527 113.054787 2.000000
506 1.468331 1.604292 0.967982 110.728527 113.054787 3.000000
507 1.468331 1.604292 0.967982 110.728527 113.054787 4.000000
508 1.468331 1.604292 0.967982 110.728527 113.054787 5.000000
509 1.468331 1.604292 0.967982 110.728527 113.054787 6.000000
510 1.468331 1.604292 0.967982 110.728527 113.054787 7.000000
511 1.468331 1.604292 0.967982 110.728527 113.054787 8.000000
512 1.468331 1.604292 0.967982 110.728527 113.054787 9.000000
513 1.468331 1.604292 0.967982 110.728527 113.054787 10.000000
514 1.468331 1.604292 0.967982 110.728527 113.054787 11.000000
515 1.468331 1.604292 0.967982 110.728527 113.054787 12.000000
516 1.468331 1.604292 0.967982 110.728527 113.054787 13.000000
517 1.468331 1.604292 0.967982 110.728527 113.054787 14.000000
518 1.468331 1.604292 0.967982 110.728527 113.054787 15.000000
519 1.468331 1.604292 0.967982 110.728527 113.054787 16.000000
520 1.468331 1.604292 0.967982 110.728527 113.054787 17.000000
521 1.468331 1.604292 0.967982 110.728527 113.054787 18.000000
522 1.468331 1.604292 0.967982 110.728527 113.054787 19.000000
523 1.468331 1.604292 0.967982 110.728527 113.054787 20.000000
524 1.468331 1.604292 0.967982 110.728527 113.054787 21.000000
525 1.468331 1.604292 0.967982 110.728527 113.054787 22.000000
526 1.468331 1.604292 0.967982 110.728527 113.054787 23.000000
527 1.468331 1.604292 0.967982 110.728527 113.054787 24.000000
528 1.468331 1.604292 0.967982 110.728527 113.054787 25.000000
529 1.468331 1.604292 0.967982 110.728527 113.054787 26.000000
530 1.468331 1.604292 0.967982 110.728527 113.054787 27.000000
531 1.468331 1.604292 0.967982 110.728527 113.054787 28.000000
532 1.468331 1.604292 0.967982 110.728527 113.054787 29.000000
533 1.468331 1.604292 0.967982 110.728527 113.054787 30.000000
534 1.468331 1.604292 0.967982 110.728527 113.054787 31.000000
535 1.468331 1.604292 0.967982 110.728527 113.054787 32.000000
536 1.468331 1.604292 0.967982 110.728527 113.054787 33.000000
537 1.468331 1.604292 0.967982 110.728527 113.054787 34.000000
538 1.468331 1.604292 0.967982 110.728527 113.054787 35.000000
539 1.468331 1.604292 0.967982 110.728527 113.054787 36.000000
540 1.468331 1.604292 0.967982 110.728527 113.054787 37.000000
541 1.468331 1.604292 0.967982 110.728527 113.054787 38.000000
542 1.468331 1.604292 0.967982 110.728527 113.054787 39.000000
543 1.468331 1.604292 0.967982 110.728527 113.054787 40.000000
544 1.468331 1.604292 0.967982 110.728527 113.054787 41.000000
545 1.468331 1.604292 0.967982 110.728527 113.054787 42.000000
546 1.468331 1.604292 0.967982 110.728527 113.054787 43.000000
547 1.468331 1.604292 0.967982 110.728527 113.054787 44.000000
548 1.468331 1.604292 0.967982 110.728527 113.054787 45.000000
549 1.468331 1.604292 0.967982 110.728527 113.054787 46.000000
550 1.468331 1.604292 0.967982 110.728527 113.054787 47.000000
551 1.468331 1.604292 0.967982 110.728527 113.054787 48.000000
552 1.468331 1.604292 0.967982 110.728527 113.054787 49.000000
553 1.468331 1.604292 0.967982 110.728527 113.054787 50.000000
554 1.468331 1.604292 0.967982 110.728527 113.054787 51.000000
555 1.468331 1.604292 0.967982 110.728527 113.054787 52.000000
556 1.468331 1.604292 0.967982 110.728527 113.054787 53.000000
557 1.468331 1.604292 0.967982 110.728527 113.054787 54.000000
558 1.468331 1.604292 0.967982 110.728527 113.054787 55.000000
559 1.468331 1.604292 0.967982 110.728527 113.054787 56.000000
560 1.468331 1.604292 0.967982 110.728527 113.054787 57.000000
561 1.468331 1.604292 0.967982 110.728527 113.054787 58.000000
562 1.468331 1.604292 0.967982 110.728527 113.054787 59.000000
563 1.468331 1.604292 0.967982 110.728527 113.054787 60.000000
564 1.468331 1.604292 0.967982 110.728527 113.054787 61.000000
565 1.468331 1.604292 0.967982 110.728527 113.054787 62.000000
566 1.468331 1.604292 0.967982 110.728527 113.054787 63.000000
567 1.468331 1.604292 0.967982 110.728527 113.054787 64.000000
568 1.468331 1.604292 0.967982 110.728527 113.054787 65.000000
569 1.468331 1.604292 0.967982 110.728527 113.054787 66.000000
570 1.468331 1.604292 0.967982 110.728527 113.054787 67.000000
571 1.468331 1.604292 0.967982 110.728527 113.054787 68.000000
572 1.468331 1.604292 0.967982 110.728527 113.054787 69.000000
573 1.468331 1.604292 0.967982 110.728527 113.054787 70.000000
574 1.468331 1.604292 0.967982 110.728527 113.054787 71.000000
575 1.468331 1.604292 0.967982 110.728527 113.054787 72.000000
576 1.468331 1.604292 0.967982 110.728527 113.054787 73.000000
577 1.468331 1.604292 0.967982 110.728527 113.054787 74.000000
578 1.468331 1.604292 0.967982 110.728527 113.054787 75.000000
579 1.468331 1.604292 0.967982 110.728527 113.054787 76.000000
580 1.468331 1.604292 0.967982 110.728527 113.054787 77.000000
581 1.468331 1.604292 0.967982 110.728527 113.054787 78.000000
582 1.468331 1.604292 0.967982 110.728527 113.054787 79.000000
583 1.468331 1.604292 0.967982 110.728527 113.054787 80.000000
584 1.468331 1.604292 0.967982 110.728527 113.054787 81.000000
585 1.468331 1.604292 0.967982 110.728527 113.054787 82.000000
586 1.468331 1.604292 0.967982 110.728527 113.054787 83.000000
587 1.468331 1.604292 0.967982 110.728527 113.054787 84.000000
588 1.468331 1.604292 0.967982 110.728527 113.054787 85.000000
589 1.468331 1.604292 0.967982 110.728527 113.054787 86.000000
590 1.468331 1.604292 0.967982 110.728527 113.054787 87.000000
591 1.468331 1.604292 0.967982 110.728527 113.054787 88.000000
592 1.468331 1.604292 0.967982 110.728527 113.054787 89.000000
593 1.468331 1.604292 0.967982 110.728527 113.054787 90.000000
594 1.468331 1.604292 0.967982 110.728527 113.054787 91.000000
595 1.468331 1.604292 0.967982 110.728527 113.054787 92.000000
596 1.468331 1.604292 0.967982 110.728527 113.054787 93.000000
597 1.468331 1.604292 0.967982 110.728527 113.054787 94.000000
598 1.468331 1.604292 0.967982 110.728527 113.054787 95.000000
599 1.468331 1.604292 0.967982 110.728527 113.054787 96.000000
600 1.468331 1.604292 0.967982 110.728527 113.054787 97.000000
601 1.468331 1.604292 0.967982 110.728527 113.054787 98.000000
602 1.468331 1.604292 0.967982 110.728527 113.054787 99.000000
603 1.468331 1.604292 0.967982 110.728527 113.054787 100.000000
604 1.468331 1.604292 0.967982 110.728527 113.054787 101.000000
605 1.468331 1.604292 0.967982 110.728527 113.054787 102.000000
606 1.468331 1.604292 0.967982 110.728527 113.054787 103.000000
607 1.468331 1.604292 0.967982 110.728527 113.054787 104.000000
608 1.468331 1.604292 0.967982 110.728527 113.054787 105.000000
609 1.468331 1.604292 0.967982 110.728527 113.054787 106.000000
610 1.468331 1.604292 0.967982 110.728527 113.054787 107.000000
611 1.468331 1.604292 0.967982 110.728527 113.054787 108.000000
612 1.468331 1.604292 0.967982 110.728527 113.054787 109.000000
613 1.468331 1.604292 0.967982 110.728527 113.054787 110.000000
614 1.468331 1.604292 0.967982 110.728527 113.054787 111.000000
615 1.468331 1.604292 0.967982 110.728527 113.054787 112.000000
616 1.468331 1.604292 0.967982 110.728527 113.054787 113.000000
617 1.468331 1.604292 0.967982 110.728527 113.054787 114.000000
618 1.468331 1.604292 0.967982 110.728527 113.054787 115.000000
619 1.468331 1.604292 0.967982 110.728527 113.054787 116.000000
620 1.468331 1.604292 0.967982 110.728527 113.054787 117.000000
621 1.468331 1.604292 0.967982 110.728527 113.054787 118.000000
622 1.468331 1.604292 0.967982 110.728527 113.054787 119.000000
623 1.468331 1.604292 0.967982 110.728527 113.054787 120.000000
624 1.468331 1.604292 0.967982 110.728527 113.054787 121.000000
625 1.468331 1.604292 0.967982 110.728527 113.054787 122.000000
626 1.468331 1.604292 0.967982 110.728527 113.054787 123.000000
627 1.468331 1.604292 0.967982 110.728527 113.054787 124.000000
628 1.468331 1.604292 0.967982 110.728527 113.054787 125.000000
629 1.468331 1.604292 0.967982 110.728527 113.054787 126.000000
630 1.468331 1.604292 0.967982 110.728527 113.054787 127.000000
631 1.468331 1.604292 0.967982 110.728527 113.054787 128.000000
632 1.468331 1.604292 0.967982 110.728527 113.054787 129.000000
633 1.468331 1.604292 0.967982 110.728527 113.054787 130.000000
634 1.468331 1.604292 0.967982 110.728527 113.054787 131.000000
635 1.468331 1.604292 0.967982 110.728527 113.054787 132.000000
636 1.468331 1.604292 0.967982 110.728527 113.054787 133.000000
637 1.468331 1.604292 0.967982 110.728527 113.054787 134.000000
638 1.468331 1.604292 0.967982 110.728527 113.054787 135.000000
639 1.468331 1.604292 0.967982 110.728527 113.054787 136.000000
640 1.468331 1.604292 0.967982 110.728527 113.054787 137.000000
641 1.468331 1.604292 0.967982 110.728527 113.054787 138.000000
642 1.468331 1.604292 0.967982 110.728527 113.054787 139.000000
643 1.468331 1.604292 0.967982 110.728527 113.054787 140.000000
644 1.468331 1.604292 0.967982 110.728527 113.054787 141.000000
645 1.468331 1.604292 0.967982 110.728527 113.054787 142.000000
646 1.468331 1.604292 0.967982 110.728527 113.054787 143.000000
647 1.468331 1.604292 0.967982 110.728527 113.054787 144.000000
648 1.468331 1.604292 0.967982 110.728527 113.054787 145.000000
649 1.468331 1.604292 0.967982 110.728527 113.054787 146.000000
650 1.468331 1.604292 0.967982 110.728527 113.054787 147.000000
651 1.468331 1.604292 0.967982 110.728527 113.054787 148.000000
652 1.468331 1.604292 0.967982 110.728527 113.054787 149.000000
653 1.468331 1.604292 0.967982 110.728527 113.054787 150.000000
654 1.468331 1.604292 0.967982 110.728527 113.054787 151.000000
655 1.468331 1.604292 0.967982 110.728527 113.054787 152.000000
656 1.468331 1.604292 0.967982 110.728527 113.054787 153.000000
657 1.468331 1.604292 0.967982 110.728527 113.054787 154.000000
658 1.468331 1.604292 0.967982 110.728527 113.054787 155.000000
659 1.468331 1.604292 0.967982 110.728527 113.054787 156.000000
660 1.468331 1.604292 0.967982 110.728527 113.054787 157.000000
661 1.468331 1.604292 0.967982 110.728527 113.054787 158.000000
662 1.468331 1.604292 0.967982 110.728527 113.054787 159.000000
663 1.468331 1.604292 0.967982 110.728527 113.054787 160.000000
664 1.468331 1.604292 0.967982 110.728527 113.054787 161.000000
665 1.468331 1.604292 0.967982 110.728527 113.054787 162.000000
666 1.468331 1.604292 0.967982 110.728527 113.054787 163.000000
667 1.468331 1.604292 0.967982 110.728527 113.054787 164.000000
668 1.468331 1.604292 0.967982 110.728527 113.054787 165.000000
669 1.468331 1.604292 0.967982 110.728527 113.054787 166.000000
670 1.468331 1.604292 0.967982 110.728527 113.054787 167.000000
671 1.468331 1.604292 0.967982 110.728527 113.054787 168.000000
672 1.468331 1.604292 0.967982 110.728527 113.054787 169.000000
673 1.468331 1.604292 0.967982 110.728527 113.054787 170.000000
674 1.468331 1.604292 0.967982 110.728527 113.054787 171.000000
675 1.468331 1.604292 0.967982 110.728527 113.054787 172.000000
676 1.468331 1.604292 0.967982 110.728527 113.054787 173.000000
677 1.468331 1.604292 0.967982 110.728527 113.054787 174.000000
678 1.468331 1.604292 0.967982 110.728527 113.054787 175.000000
679 1.468331 1.604292 0.967982 110.728527 113.054787 176.000000
680 1.468331 1.604292 0.967982 110.728527 113.054787 177.000000
681 1.468331 1.604292 0.967982 110.728527 113.054787 178.000000
682 1.468331 1.604292 0.967982 110.728527 113.054787 179.000000
683 1.468331 1.604292 0.967982 110.728527 113.054787 180.000000
