1.220000	1.604292	0.967982	110.728527	113.054787	180.000000	-491.7950752367	1
1.230000	1.604292	0.967982	110.728527	113.054787	180.000000	-491.8073412349	2
1.240000	1.604292	0.967982	110.728527	113.054787	180.000000	-491.8186943715	3
1.250000	1.604292	0.967982	110.728527	113.054787	180.000000	-491.8291832816	4
1.260000	1.604292	0.967982	110.728527	113.054787	180.000000	-491.8388541339	5
1.270000	1.604292	0.967982	110.728527	113.054787	180.000000	-491.8477507566	6
1.280000	1.604292	0.967982	110.728527	113.054787	180.000000	-491.8559147580	7
1.290000	1.604292	0.967982	110.728527	113.054787	180.000000	-491.8633856398	8
1.300000	1.604292	0.967982	110.728527	113.054787	180.000000	-491.8702009049	9
1.310000	1.604292	0.967982	110.728527	113.054787	180.000000	-491.8763961599	10
1.320000	1.604292	0.967982	110.728527	113.054787	180.000000	-491.8820052121	11
1.330000	1.604292	0.967982	110.728527	113.054787	180.000000	-491.8870601612	12
1.340000	1.604292	0.967982	110.728527	113.054787	180.000000	-491.8915914869	13
1.350000	1.604292	0.967982	110.728527	113.054787	180.000000	-491.8956281313	14
1.360000	1.604292	0.967982	110.728527	113.054787	180.000000	-491.8991975777	15
1.370000	1.604292	0.967982	110.728527	113.054787	180.000000	-491.9023259246	16
1.380000	1.604292	0.967982	110.728527	113.054787	180.000000	-491.9050379561	17
1.390000	1.604292	0.967982	110.728527	113.054787	180.000000	-491.9073572093	18
1.400000	1.604292	0.967982	110.728527	113.054787	180.000000	-491.9093060366	19
1.410000	1.604292	0.967982	110.728527	113.054787	180.000000	-491.9109056659	20
1.420000	1.604292	0.967982	110.728527	113.054787	180.000000	-491.9121762575	21
1.430000	1.604292	0.967982	110.728527	113.054787	180.000000	-491.9131369573	22
1.440000	1.604292	0.967982	110.728527	113.054787	180.000000	-491.9138059477	23
1.450000	1.604292	0.967982	110.728527	113.054787	180.000000	-491.9142004955	24
1.460000	1.604292	0.967982	110.728527	113.054787	180.000000	-491.9143369978	25
1.470000	1.604292	0.967982	110.728527	113.054787	180.000000	-491.9142310246	26
1.480000	1.604292	0.967982	110.728527	113.054787	180.000000	-491.9138973601	27
1.490000	1.604292	0.967982	110.728527	113.054787	180.000000	-491.9133500414	28
1.500000	1.604292	0.967982	110.728527	113.054787	180.000000	-491.9126023953	29
1.510000	1.604292	0.967982	110.728527	113.054787	180.000000	-491.9116670734	30
1.520000	1.604292	0.967982	110.728527	113.054787	180.000000	-491.9105560858	31
1.530000	1.604292	0.967982	110.728527	113.054787	180.000000	-491.9092808321	32
1.540000	1.604292	0.967982	110.728527	113.054787	180.000000	-491.9078521322	33
1.550000	1.604292	0.967982	110.728527	113.054787	180.000000	-491.9062802549	34
1.560000	1.604292	0.967982	110.728527	113.054787	180.000000	-491.9045749450	35
1.570000	1.604292	0.967982	110.728527	113.054787	180.000000	-491.9027454498	36
1.580000	1.604292	0.967982	110.728527	113.054787	180.000000	-491.9008005436	37
1.590000	1.604292	0.967982	110.728527	113.054787	180.000000	-491.8987485513	38
1.600000	1.604292	0.967982	110.728527	113.054787	180.000000	-491.8965973711	39
1.610000	1.604292	0.967982	110.728527	113.054787	180.000000	-491.8943544956	40
1.620000	1.604292	0.967982	110.728527	113.054787	180.000000	-491.8920270328	41
1.630000	1.604292	0.967982	110.728527	113.054787	180.000000	-491.8896217247	42
1.640000	1.604292	0.967982	110.728527	113.054787	180.000000	-491.8871449668	43
1.650000	1.604292	0.967982	110.728527	113.054787	180.000000	-491.8846028251	44
1.660000	1.604292	0.967982	110.728527	113.054787	180.000000	-491.8820010533	45
1.670000	1.604292	0.967982	110.728527	113.054787	180.000000	-491.8793451092	46
1.680000	1.604292	0.967982	110.728527	113.054787	180.000000	-491.8766401699	47
1.690000	1.604292	0.967982	110.728527	113.054787	180.000000	-491.8738911469	48
1.700000	1.604292	0.967982	110.728527	113.054787	180.000000	-491.8711027000	49
1.710000	1.604292	0.967982	110.728527	113.054787	180.000000	-491.8682792517	50
1.720000	1.604292	0.967982	110.728527	113.054787	180.000000	-491.8654249998	51
1.730000	1.604292	0.967982	110.728527	113.054787	180.000000	-491.8625439309	52
1.740000	1.604292	0.967982	110.728527	113.054787	180.000000	-491.8596398323	53
1.750000	1.604292	0.967982	110.728527	113.054787	180.000000	-491.8567163041	54
1.760000	1.604292	0.967982	110.728527	113.054787	180.000000	-491.8537767717	55
1.770000	1.604292	0.967982	110.728527	113.054787	180.000000	-491.8508244966	56
1.780000	1.604292	0.967982	110.728527	113.054787	180.000000	-491.8478625884	57
1.790000	1.604292	0.967982	110.728527	113.054787	180.000000	-491.8448940160	58
1.800000	1.604292	0.967982	110.728527	113.054787	180.000000	-491.8419216191	59
1.810000	1.604292	0.967982	110.728527	113.054787	180.000000	-491.8389481192	60
1.820000	1.604292	0.967982	110.728527	113.054787	180.000000	-491.8359761317	61
1.830000	1.604292	0.967982	110.728527	113.054787	180.000000	-491.8330081772	62
1.840000	1.604292	0.967982	110.728527	113.054787	180.000000	-491.8300466935	63
1.850000	1.604292	0.967982	110.728527	113.054787	180.000000	-491.8270940475	64
1.860000	1.604292	0.967982	110.728527	113.054787	180.000000	-491.8241525480	65
1.870000	1.604292	0.967982	110.728527	113.054787	180.000000	-491.8212244573	66
1.880000	1.604292	0.967982	110.728527	113.054787	180.000000	-491.8183120045	67
1.890000	1.604292	0.967982	110.728527	113.054787	180.000000	-491.8154173964	68
1.900000	1.604292	0.967982	110.728527	113.054787	180.000000	-491.8125428296	69
1.910000	1.604292	0.967982	110.728527	113.054787	180.000000	-491.8096904998	70
1.920000	1.604292	0.967982	110.728527	113.054787	180.000000	-491.8068626093	71
1.930000	1.604292	0.967982	110.728527	113.054787	180.000000	-491.8040613716	72
1.940000	1.604292	0.967982	110.728527	113.054787	180.000000	-491.8012890137	73
1.950000	1.604292	0.967982	110.728527	113.054787	180.000000	-491.7985477692	74
1.960000	1.604292	0.967982	110.728527	113.054787	180.000000	-491.7958398706	75
1.970000	1.604292	0.967982	110.728527	113.054787	180.000000	-491.7931675314	76
1.980000	1.604292	0.967982	110.728527	113.054787	180.000000	-491.7905329265	77
1.990000	1.604292	0.967982	110.728527	113.054787	180.000000	-491.7879381649	78
2.000000	1.604292	0.967982	110.728527	113.054787	180.000000	-491.7853852599	79
1.468331	1.300000	0.967982	110.728527	113.054787	180.000000	-491.8076249905	80
1.468331	1.310000	0.967982	110.728527	113.054787	180.000000	-491.8168249065	81
1.468331	1.320000	0.967982	110.728527	113.054787	180.000000	-491.8254193129	82
1.468331	1.330000	0.967982	110.728527	113.054787	180.000000	-491.8334398243	83
1.468331	1.340000	0.967982	110.728527	113.054787	180.000000	-491.8409164533	84
1.468331	1.350000	0.967982	110.728527	113.054787	180.000000	-491.8478776932	85
1.468331	1.360000	0.967982	110.728527	113.054787	180.000000	-491.8543505959	86
1.468331	1.370000	0.967982	110.728527	113.054787	180.000000	-491.8603608457	87
1.468331	1.380000	0.967982	110.728527	113.054787	180.000000	-491.8659328297	88
1.468331	1.390000	0.967982	110.728527	113.054787	180.000000	-491.8710897036	89
1.468331	1.400000	0.967982	110.728527	113.054787	180.000000	-491.8758534547	90
1.468331	1.410000	0.967982	110.728527	113.054787	180.000000	-491.8802449612	91
1.468331	1.420000	0.967982	110.728527	113.054787	180.000000	-491.8842840484	92
1.468331	1.430000	0.967982	110.728527	113.054787	180.000000	-491.8879895418	93
1.468331	1.440000	0.967982	110.728527	113.054787	180.000000	-491.8913793175	94
1.468331	1.450000	0.967982	110.728527	113.054787	180.000000	-491.8944703497	95
1.468331	1.460000	0.967982	110.728527	113.054787	180.000000	-491.8972787558	96
1.468331	1.470000	0.967982	110.728527	113.054787	180.000000	-491.8998198392	97
1.468331	1.480000	0.967982	110.728527	113.054787	180.000000	-491.9021081297	98
1.468331	1.490000	0.967982	110.728527	113.054787	180.000000	-491.9041574220	99
1.468331	1.500000	0.967982	110.728527	113.054787	180.000000	-491.9059808119	100
1.468331	1.510000	0.967982	110.728527	113.054787	180.000000	-491.9075907312	101
1.468331	1.520000	0.967982	110.728527	113.054787	180.000000	-491.9089989807	102
1.468331	1.530000	0.967982	110.728527	113.054787	180.000000	-491.9102167607	103
1.468331	1.540000	0.967982	110.728527	113.054787	180.000000	-491.9112547016	104
1.468331	1.550000	0.967982	110.728527	113.054787	180.000000	-491.9121228913	105
1.468331	1.560000	0.967982	110.728527	113.054787	180.000000	-491.9128309028	106
1.468331	1.570000	0.967982	110.728527	113.054787	180.000000	-491.9133878192	107
1.468331	1.580000	0.967982	110.728527	113.054787	180.000000	-491.9138022581	108
1.468331	1.590000	0.967982	110.728527	113.054787	180.000000	-491.9140823947	109
1.468331	1.600000	0.967982	110.728527	113.054787	180.000000	-491.9142359837	110
1.468331	1.610000	0.967982	110.728527	113.054787	180.000000	-491.9142703801	111
1.468331	1.620000	0.967982	110.728527	113.054787	180.000000	-491.9141925590	112
1.468331	1.630000	0.967982	110.728527	113.054787	180.000000	-491.9140091345	113
1.468331	1.640000	0.967982	110.728527	113.054787	180.000000	-491.9137263778	114
1.468331	1.650000	0.967982	110.728527	113.054787	180.000000	-491.9133502339	115
1.468331	1.660000	0.967982	110.728527	113.054787	180.000000	-491.9128863378	116
1.468331	1.670000	0.967982	110.728527	113.054787	180.000000	-491.9123400306	117
1.468331	1.680000	0.967982	110.728527	113.054787	180.000000	-491.9117163732	118
1.468331	1.690000	0.967982	110.728527	113.054787	180.000000	-491.9110201612	119
1.468331	1.700000	0.967982	110.728527	113.054787	180.000000	-491.9102559375	120
1.468331	1.710000	0.967982	110.728527	113.054787	180.000000	-491.9094280055	121
1.468331	1.720000	0.967982	110.728527	113.054787	180.000000	-491.9085404412	122
1.468331	1.730000	0.967982	110.728527	113.054787	180.000000	-491.9075971039	123
1.468331	1.740000	0.967982	110.728527	113.054787	180.000000	-491.9066016483	124
1.468331	1.750000	0.967982	110.728527	113.054787	180.000000	-491.9055575340	125
1.468331	1.760000	0.967982	110.728527	113.054787	180.000000	-491.9044680361	126
1.468331	1.770000	0.967982	110.728527	113.054787	180.000000	-491.9033362543	127
1.468331	1.780000	0.967982	110.728527	113.054787	180.000000	-491.9021651217	128
1.468331	1.790000	0.967982	110.728527	113.054787	180.000000	-491.9009574142	129
1.468331	1.800000	0.967982	110.728527	113.054787	180.000000	-491.8997157577	130
1.468331	1.810000	0.967982	110.728527	113.054787	180.000000	-491.8984426363	131
1.468331	1.820000	0.967982	110.728527	113.054787	180.000000	-491.8971403999	132
1.468331	1.830000	0.967982	110.728527	113.054787	180.000000	-491.8958112707	133
1.468331	1.840000	0.967982	110.728527	113.054787	180.000000	-491.8944573503	134
1.468331	1.850000	0.967982	110.728527	113.054787	180.000000	-491.8930806261	135
1.468331	1.860000	0.967982	110.728527	113.054787	180.000000	-491.8916829768	136
1.468331	1.870000	0.967982	110.728527	113.054787	180.000000	-491.8902661788	137
1.468331	1.880000	0.967982	110.728527	113.054787	180.000000	-491.8888319112	138
1.468331	1.890000	0.967982	110.728527	113.054787	180.000000	-491.8873817612	139
1.468331	1.900000	0.967982	110.728527	113.054787	180.000000	-491.8859172288	140
1.468331	1.910000	0.967982	110.728527	113.054787	180.000000	-491.8844397318	141
1.468331	1.920000	0.967982	110.728527	113.054787	180.000000	-491.8829506100	142
1.468331	1.930000	0.967982	110.728527	113.054787	180.000000	-491.8814511295	143
1.468331	1.940000	0.967982	110.728527	113.054787	180.000000	-491.8799424867	144
1.468331	1.950000	0.967982	110.728527	113.054787	180.000000	-491.8784258120	145
1.468331	1.960000	0.967982	110.728527	113.054787	180.000000	-491.8769021735	146
1.468331	1.970000	0.967982	110.728527	113.054787	180.000000	-491.8753725805	147
1.468331	1.980000	0.967982	110.728527	113.054787	180.000000	-491.8738379866	148
1.468331	1.990000	0.967982	110.728527	113.054787	180.000000	-491.8722992928	149
1.468331	2.000000	0.967982	110.728527	113.054787	180.000000	-491.8707573503	150
1.468331	2.010000	0.967982	110.728527	113.054787	180.000000	-491.8692129639	151
1.468331	2.020000	0.967982	110.728527	113.054787	180.000000	-491.8676668937	152
1.468331	2.030000	0.967982	110.728527	113.054787	180.000000	-491.8661198581	153
1.468331	2.040000	0.967982	110.728527	113.054787	180.000000	-491.8645725362	154
1.468331	2.050000	0.967982	110.728527	113.054787	180.000000	-491.8630255700	155
1.468331	2.060000	0.967982	110.728527	113.054787	180.000000	-491.8614795661	156
1.468331	2.070000	0.967982	110.728527	113.054787	180.000000	-491.8599350984	157
1.468331	2.080000	0.967982	110.728527	113.054787	180.000000	-491.8583927095	158
1.468331	2.090000	0.967982	110.728527	113.054787	180.000000	-491.8568529125	159
1.468331	2.100000	0.967982	110.728527	113.054787	180.000000	-491.8553161929	160
1.468331	2.110000	0.967982	110.728527	113.054787	180.000000	-491.8537830101	161
1.468331	2.120000	0.967982	110.728527	113.054787	180.000000	-491.8522537990	162
1.468331	2.130000	0.967982	110.728527	113.054787	180.000000	-491.8507289712	163
1.468331	2.140000	0.967982	110.728527	113.054787	180.000000	-491.8492089166	164
1.468331	2.150000	0.967982	110.728527	113.054787	180.000000	-491.8476940043	165
1.468331	2.160000	0.967982	110.728527	113.054787	180.000000	-491.8461845844	166
1.468331	2.170000	0.967982	110.728527	113.054787	180.000000	-491.8446809886	167
1.468331	2.180000	0.967982	110.728527	113.054787	180.000000	-491.8431835313	168
1.468331	2.190000	0.967982	110.728527	113.054787	180.000000	-491.8416925112	169
1.468331	2.200000	0.967982	110.728527	113.054787	180.000000	-491.8402082111	170
1.468331	2.210000	0.967982	110.728527	113.054787	180.000000	-491.8387309003	171
1.468331	2.220000	0.967982	110.728527	113.054787	180.000000	-491.8372608338	172
1.468331	2.230000	0.967982	110.728527	113.054787	180.000000	-491.8357982547	173
1.468331	2.240000	0.967982	110.728527	113.054787	180.000000	-491.8343433936	174
1.468331	2.250000	0.967982	110.728527	113.054787	180.000000	-491.8328964704	175
1.468331	2.260000	0.967982	110.728527	113.054787	180.000000	-491.8314576939	176
1.468331	2.270000	0.967982	110.728527	113.054787	180.000000	-491.8300272635	177
1.468331	2.280000	0.967982	110.728527	113.054787	180.000000	-491.8286053691	178
1.468331	2.290000	0.967982	110.728527	113.054787	180.000000	-491.8271921920	179
1.468331	2.300000	0.967982	110.728527	113.054787	180.000000	-491.8257879050	180
1.468331	2.310000	0.967982	110.728527	113.054787	180.000000	-491.8243926735	181
1.468331	2.320000	0.967982	110.728527	113.054787	180.000000	-491.8230066558	182
1.468331	2.330000	0.967982	110.728527	113.054787	180.000000	-491.8216300032	183
1.468331	2.340000	0.967982	110.728527	113.054787	180.000000	-491.8202628609	184
1.468331	2.350000	0.967982	110.728527	113.054787	180.000000	-491.8189053681	185
1.468331	2.360000	0.967982	110.728527	113.054787	180.000000	-491.8175576587	186
1.468331	2.370000	0.967982	110.728527	113.054787	180.000000	-491.8162198613	187
1.468331	2.380000	0.967982	110.728527	113.054787	180.000000	-491.8148921000	188
1.468331	2.390000	0.967982	110.728527	113.054787	180.000000	-491.8135744943	189
1.468331	2.400000	0.967982	110.728527	113.054787	180.000000	-491.8122671597	190
1.468331	1.604292	0.700000	110.728527	113.054787	180.000000	-491.7852572408	191
1.468331	1.604292	0.710000	110.728527	113.054787	180.000000	-491.7982934554	192
1.468331	1.604292	0.720000	110.728527	113.054787	180.000000	-491.8103063734	193
1.468331	1.604292	0.730000	110.728527	113.054787	180.000000	-491.8213625754	194
1.468331	1.604292	0.740000	110.728527	113.054787	180.000000	-491.8315241325	195
1.468331	1.604292	0.750000	110.728527	113.054787	180.000000	-491.8408489394	196
1.468331	1.604292	0.760000	110.728527	113.054787	180.000000	-491.8493910203	197
1.468331	1.604292	0.770000	110.728527	113.054787	180.000000	-491.8572008098	198
1.468331	1.604292	0.780000	110.728527	113.054787	180.000000	-491.8643254116	199
1.468331	1.604292	0.790000	110.728527	113.054787	180.000000	-491.8708088358	200
1.468331	1.604292	0.800000	110.728527	113.054787	180.000000	-491.8766922190	201
1.468331	1.604292	0.810000	110.728527	113.054787	180.000000	-491.8820140261	202
1.468331	1.604292	0.820000	110.728527	113.054787	180.000000	-491.8868102369	203
1.468331	1.604292	0.830000	110.728527	113.054787	180.000000	-491.8911145191	204
1.468331	1.604292	0.840000	110.728527	113.054787	180.000000	-491.8949583871	205
1.468331	1.604292	0.850000	110.728527	113.054787	180.000000	-491.8983713505	206
1.468331	1.604292	0.860000	110.728527	113.054787	180.000000	-491.9013810497	207
1.468331	1.604292	0.870000	110.728527	113.054787	180.000000	-491.9040133831	208
1.468331	1.604292	0.880000	110.728527	113.054787	180.000000	-491.9062926241	209
1.468331	1.604292	0.890000	110.728527	113.054787	180.000000	-491.9082415299	210
1.468331	1.604292	0.900000	110.728527	113.054787	180.000000	-491.9098814422	211
1.468331	1.604292	0.910000	110.728527	113.054787	180.000000	-491.9112323808	212
1.468331	1.604292	0.920000	110.728527	113.054787	180.000000	-491.9123131308	213
1.468331	1.604292	0.930000	110.728527	113.054787	180.000000	-491.9131413228	214
1.468331	1.604292	0.940000	110.728527	113.054787	180.000000	-491.9137335082	215
1.468331	1.604292	0.950000	110.728527	113.054787	180.000000	-491.9141052291	216
1.468331	1.604292	0.960000	110.728527	113.054787	180.000000	-491.9142710826	217
1.468331	1.604292	0.970000	110.728527	113.054787	180.000000	-491.9142447817	218
1.468331	1.604292	0.980000	110.728527	113.054787	180.000000	-491.9140392112	219
1.468331	1.604292	0.990000	110.728527	113.054787	180.000000	-491.9136664800	220
1.468331	1.604292	1.000000	110.728527	113.054787	180.000000	-491.9131379699	221
1.468331	1.604292	1.010000	110.728527	113.054787	180.000000	-491.9124643813	222
1.468331	1.604292	1.020000	110.728527	113.054787	180.000000	-491.9116557756	223
1.468331	1.604292	1.030000	110.728527	113.054787	180.000000	-491.9107216145	224
1.468331	1.604292	1.040000	110.728527	113.054787	180.000000	-491.9096707976	225
1.468331	1.604292	1.050000	110.728527	113.054787	180.000000	-491.9085116963	226
1.468331	1.604292	1.060000	110.728527	113.054787	180.000000	-491.9072521869	227
1.468331	1.604292	1.070000	110.728527	113.054787	180.000000	-491.9058996799	228
1.468331	1.604292	1.080000	110.728527	113.054787	180.000000	-491.9044611493	229
1.468331	1.604292	1.090000	110.728527	113.054787	180.000000	-491.9029431580	230
1.468331	1.604292	1.100000	110.728527	113.054787	180.000000	-491.9013518834	231
1.468331	1.604292	1.110000	110.728527	113.054787	180.000000	-491.8996931402	232
1.468331	1.604292	1.120000	110.728527	113.054787	180.000000	-491.8979724021	233
1.468331	1.604292	1.130000	110.728527	113.054787	180.000000	-491.8961948224	234
1.468331	1.604292	1.140000	110.728527	113.054787	180.000000	-491.8943652530	235
1.468331	1.604292	1.150000	110.728527	113.054787	180.000000	-491.8924882622	236
1.468331	1.604292	1.160000	110.728527	113.054787	180.000000	-491.8905681517	237
1.468331	1.604292	1.170000	110.728527	113.054787	180.000000	-491.8886089723	238
1.468331	1.604292	1.180000	110.728527	113.054787	180.000000	-491.8866145384	239
1.468331	1.604292	1.190000	110.728527	113.054787	180.000000	-491.8845884425	240
1.468331	1.604292	1.200000	110.728527	113.054787	180.000000	-491.8825340676	241
1.468331	1.604292	1.210000	110.728527	113.054787	180.000000	-491.8804545997	242
1.468331	1.604292	1.220000	110.728527	113.054787	180.000000	-491.8783530394	243
1.468331	1.604292	1.230000	110.728527	113.054787	180.000000	-491.8762322125	244
1.468331	1.604292	1.240000	110.728527	113.054787	180.000000	-491.8740947799	245
1.468331	1.604292	1.250000	110.728527	113.054787	180.000000	-491.8719432477	246
1.468331	1.604292	1.260000	110.728527	113.054787	180.000000	-491.8697799757	247
1.468331	1.604292	1.270000	110.728527	113.054787	180.000000	-491.8676071858	248
1.468331	1.604292	1.280000	110.728527	113.054787	180.000000	-491.8654269700	249
1.468331	1.604292	1.290000	110.728527	113.054787	180.000000	-491.8632412981	250
1.468331	1.604292	1.300000	110.728527	113.054787	180.000000	-491.8610520243	251
1.468331	1.604292	1.310000	110.728527	113.054787	180.000000	-491.8588608941	252
1.468331	1.604292	1.320000	110.728527	113.054787	180.000000	-491.8566695504	253
1.468331	1.604292	1.330000	110.728527	113.054787	180.000000	-491.8544795391	254
1.468331	1.604292	1.340000	110.728527	113.054787	180.000000	-491.8522923156	255
1.468331	1.604292	1.350000	110.728527	113.054787	180.000000	-491.8501092485	256
1.468331	1.604292	1.360000	110.728527	113.054787	180.000000	-491.8479316260	257
1.468331	1.604292	1.370000	110.728527	113.054787	180.000000	-491.8457606594	258
1.468331	1.604292	1.380000	110.728527	113.054787	180.000000	-491.8435974882	259
1.468331	1.604292	1.390000	110.728527	113.054787	180.000000	-491.8414431839	260
1.468331	1.604292	1.400000	110.728527	113.054787	180.000000	-491.8392987536	261
1.468331	1.604292	1.410000	110.728527	113.054787	180.000000	-491.8371651443	262
1.468331	1.604292	1.420000	110.728527	113.054787	180.000000	-491.8350432458	263
1.468331	1.604292	1.430000	110.728527	113.054787	180.000000	-491.8329338943	264
1.468331	1.604292	1.440000	110.728527	113.054787	180.000000	-491.8308378751	265
1.468331	1.604292	1.450000	110.728527	113.054787	180.000000	-491.8287559258	266
1.468331	1.604292	1.460000	110.728527	113.054787	180.000000	-491.8266887388	267
1.468331	1.604292	1.470000	110.728527	113.054787	180.000000	-491.8246369641	268
1.468331	1.604292	1.480000	110.728527	113.054787	180.000000	-491.8226012116	269
1.468331	1.604292	1.490000	110.728527	113.054787	180.000000	-491.8205820533	270
1.468331	1.604292	1.500000	110.728527	113.054787	180.000000	-491.8185800258	271
1.468331	1.604292	0.967982	75.000000	113.054787	180.000000	-491.8246400662	272
1.468331	1.604292	0.967982	76.000000	113.054787	180.000000	-491.8317118817	273
1.468331	1.604292	0.967982	77.000000	113.054787	180.000000	-491.8383333072	274
1.468331	1.604292	0.967982	78.000000	113.054787	180.000000	-491.8445316749	275
1.468331	1.604292	0.967982	79.000000	113.054787	180.000000	-491.8503325128	276
1.468331	1.604292	0.967982	80.000000	113.054787	180.000000	-491.8557596139	277
1.468331	1.604292	0.967982	81.000000	113.054787	180.000000	-491.8608351174	278
1.468331	1.604292	0.967982	82.000000	113.054787	180.000000	-491.8655795969	279
1.468331	1.604292	0.967982	83.000000	113.054787	180.000000	-491.8700121510	280
1.468331	1.604292	0.967982	84.000000	113.054787	180.000000	-491.8741504957	281
1.468331	1.604292	0.967982	85.000000	113.054787	180.000000	-491.8780110543	282
1.468331	1.604292	0.967982	86.000000	113.054787	180.000000	-491.8816090460	283
1.468331	1.604292	0.967982	87.000000	113.054787	180.000000	-491.8849585707	284
1.468331	1.604292	0.967982	88.000000	113.054787	180.000000	-491.8880726892	285
1.468331	1.604292	0.967982	89.000000	113.054787	180.000000	-491.8909635006	286
1.468331	1.604292	0.967982	90.000000	113.054787	180.000000	-491.8936422135	287
1.468331	1.604292	0.967982	91.000000	113.054787	180.000000	-491.8961192151	288
1.468331	1.604292	0.967982	92.000000	113.054787	180.000000	-491.8984041331	289
1.468331	1.604292	0.967982	93.000000	113.054787	180.000000	-491.9005058960	290
1.468331	1.604292	0.967982	94.000000	113.054787	180.000000	-491.9024327871	291
1.468331	1.604292	0.967982	95.000000	113.054787	180.000000	-491.9041924966	292
1.468331	1.604292	0.967982	96.000000	113.054787	180.000000	-491.9057921677	293
1.468331	1.604292	0.967982	97.000000	113.054787	180.000000	-491.9072384416	294
1.468331	1.604292	0.967982	98.000000	113.054787	180.000000	-491.9085374972	295
1.468331	1.604292	0.967982	99.000000	113.054787	180.000000	-491.9096950892	296
1.468331	1.604292	0.967982	100.000000	113.054787	180.000000	-491.9107165826	297
1.468331	1.604292	0.967982	101.000000	113.054787	180.000000	-491.9116069846	298
1.468331	1.604292	0.967982	102.000000	113.054787	180.000000	-491.9123709749	299
1.468331	1.604292	0.967982	103.000000	113.054787	180.000000	-491.9130129321	300
1.468331	1.604292	0.967982	104.000000	113.054787	180.000000	-491.9135369600	301
1.468331	1.604292	0.967982	105.000000	113.054787	180.000000	-491.9139469099	302
1.468331	1.604292	0.967982	106.000000	113.054787	180.000000	-491.9142464027	303
1.468331	1.604292	0.967982	107.000000	113.054787	180.000000	-491.9144388484	304
1.468331	1.604292	0.967982	108.000000	113.054787	180.000000	-491.9145274641	305
1.468331	1.604292	0.967982	109.000000	113.054787	180.000000	-491.9145152905	306
1.468331	1.604292	0.967982	110.000000	113.054787	180.000000	-491.9144052073	307
1.468331	1.604292	0.967982	111.000000	113.054787	180.000000	-491.9141999476	308
1.468331	1.604292	0.967982	112.000000	113.054787	180.000000	-491.9139021100	309
1.468331	1.604292	0.967982	113.000000	113.054787	180.000000	-491.9135141717	310
1.468331	1.604292	0.967982	114.000000	113.054787	180.000000	-491.9130384994	311
1.468331	1.604292	0.967982	115.000000	113.054787	180.000000	-491.9124773600	312
1.468331	1.604292	0.967982	116.000000	113.054787	180.000000	-491.9118329307	313
1.468331	1.604292	0.967982	117.000000	113.054787	180.000000	-491.9111073089	314
1.468331	1.604292	0.967982	118.000000	113.054787	180.000000	-491.9103025213	315
1.468331	1.604292	0.967982	119.000000	113.054787	180.000000	-491.9094205327	316
1.468331	1.604292	0.967982	120.000000	113.054787	180.000000	-491.9084632552	317
1.468331	1.604292	0.967982	121.000000	113.054787	180.000000	-491.9074325555	318
1.468331	1.604292	0.967982	122.000000	113.054787	180.000000	-491.9063302639	319
1.468331	1.604292	0.967982	123.000000	113.054787	180.000000	-491.9051581816	320
1.468331	1.604292	0.967982	124.000000	113.054787	180.000000	-491.9039180889	321
1.468331	1.604292	0.967982	125.000000	113.054787	180.000000	-491.9026117529	322
1.468331	1.604292	0.967982	126.000000	113.054787	180.000000	-491.9012409350	323
1.468331	1.604292	0.967982	127.000000	113.054787	180.000000	-491.8998073986	324
1.468331	1.604292	0.967982	128.000000	113.054787	180.000000	-491.8983129171	325
1.468331	1.604292	0.967982	129.000000	113.054787	180.000000	-491.8967592820	326
1.468331	1.604292	0.967982	130.000000	113.054787	180.000000	-491.8951483105	327
1.468331	1.604292	0.967982	131.000000	113.054787	180.000000	-491.8934818544	328
1.468331	1.604292	0.967982	132.000000	113.054787	180.000000	-491.8917618077	329
1.468331	1.604292	0.967982	133.000000	113.054787	180.000000	-491.8899901172	330
1.468331	1.604292	0.967982	134.000000	113.054787	180.000000	-491.8881687900	331
1.468331	1.604292	0.967982	135.000000	113.054787	180.000000	-491.8862999039	332
1.468331	1.604292	0.967982	136.000000	113.054787	180.000000	-491.8843856176	333
1.468331	1.604292	0.967982	137.000000	113.054787	180.000000	-491.8824281813	334
1.468331	1.604292	0.967982	138.000000	113.054787	180.000000	-491.8804299474	335
1.468331	1.604292	0.967982	139.000000	113.054787	180.000000	-491.8783933826	336
1.468331	1.604292	0.967982	140.000000	113.054787	180.000000	-491.8763210803	337
1.468331	1.604292	0.967982	141.000000	113.054787	180.000000	-491.8742157733	338
1.468331	1.604292	0.967982	142.000000	113.054787	180.000000	-491.8720803472	339
1.468331	1.604292	0.967982	143.000000	113.054787	180.000000	-491.8699178546	340
1.468331	1.604292	0.967982	144.000000	113.054787	180.000000	-491.8677315298	341
1.468331	1.604292	0.967982	145.000000	113.054787	180.000000	-491.8655248028	342
1.468331	1.604292	0.967982	146.000000	113.054787	180.000000	-491.8633013152	343
1.468331	1.604292	0.967982	147.000000	113.054787	180.000000	-491.8610649342	344
1.468331	1.604292	0.967982	148.000000	113.054787	180.000000	-491.8588197668	345
1.468331	1.604292	0.967982	149.000000	113.054787	180.000000	-491.8565701735	346
1.468331	1.604292	0.967982	150.000000	113.054787	180.000000	-491.8543207796	347
1.468331	1.604292	0.967982	151.000000	113.054787	180.000000	-491.8520764845	348
1.468331	1.604292	0.967982	152.000000	113.054787	180.000000	-491.8498424676	349
1.468331	1.604292	0.967982	153.000000	113.054787	180.000000	-491.8476241905	350
1.468331	1.604292	0.967982	154.000000	113.054787	180.000000	-491.8454273929	351
1.468331	1.604292	0.967982	155.000000	113.054787	180.000000	-491.8432580830	352
1.468331	1.604292	0.967982	156.000000	113.054787	180.000000	-491.8411225187	353
1.468331	1.604292	0.967982	157.000000	113.054787	180.000000	-491.8390271809	354
1.468331	1.604292	0.967982	158.000000	113.054787	180.000000	-491.8369787353	355
1.468331	1.604292	0.967982	159.000000	113.054787	180.000000	-491.8349839845	356
1.468331	1.604292	0.967982	160.000000	113.054787	180.000000	-491.8330498075	357
1.468331	1.604292	0.967982	161.000000	113.054787	180.000000	-491.8311830898	358
1.468331	1.604292	0.967982	162.000000	113.054787	180.000000	-491.8293906429	359
1.468331	1.604292	0.967982	163.000000	113.054787	180.000000	-491.8276791171	360
1.468331	1.604292	0.967982	164.000000	113.054787	180.000000	-491.8260549102	361
1.468331	1.604292	0.967982	165.000000	113.054787	180.000000	-491.8245240767	362
1.468331	1.604292	0.967982	166.000000	113.054787	180.000000	-491.8230922417	363
1.468331	1.604292	0.967982	167.000000	113.054787	180.000000	-491.8217645253	364
1.468331	1.604292	0.967982	168.000000	113.054787	180.000000	-491.8205454815	365
1.468331	1.604292	0.967982	169.000000	113.054787	180.000000	-491.8194390572	366
1.468331	1.604292	0.967982	170.000000	113.054787	180.000000	-491.8184485711	367
1.468331	1.604292	0.967982	171.000000	113.054787	180.000000	-491.8175767165	368
1.468331	1.604292	0.967982	172.000000	113.054787	180.000000	-491.8168255840	369
1.468331	1.604292	0.967982	173.000000	113.054787	180.000000	-491.8161967037	370
1.468331	1.604292	0.967982	174.000000	113.054787	180.000000	-491.8156910992	371
1.468331	1.604292	0.967982	175.000000	113.054787	180.000000	-491.8153093518	372
1.468331	1.604292	0.967982	176.000000	113.054787	180.000000	-491.8150516652	373
1.468331	1.604292	0.967982	177.000000	113.054787	180.000000	-491.8149179278	374
1.468331	1.604292	0.967982	178.000000	113.054787	180.000000	-491.8149077657	375
1.468331	1.604292	0.967982	179.000000	113.054787	180.000000	-491.8150205841	376
1.468331	1.604292	0.967982	110.728527	55.000000	180.000000	-491.8104504323	377
1.468331	1.604292	0.967982	110.728527	56.000000	180.000000	-491.8161380420	378
1.468331	1.604292	0.967982	110.728527	57.000000	180.000000	-491.8215137091	379
1.468331	1.604292	0.967982	110.728527	58.000000	180.000000	-491.8265985978	380
1.468331	1.604292	0.967982	110.728527	59.000000	180.000000	-491.8314122851	381
1.468331	1.604292	0.967982	110.728527	60.000000	180.000000	-491.8359728509	382
1.468331	1.604292	0.967982	110.728527	61.000000	180.000000	-491.8402969676	383
1.468331	1.604292	0.967982	110.728527	62.000000	180.000000	-491.8443999893	384
1.468331	1.604292	0.967982	110.728527	63.000000	180.000000	-491.8482960390	385
1.468331	1.604292	0.967982	110.728527	64.000000	180.000000	-491.8519980938	386
1.468331	1.604292	0.967982	110.728527	65.000000	180.000000	-491.8555180675	387
1.468331	1.604292	0.967982	110.728527	66.000000	180.000000	-491.8588668900	388
1.468331	1.604292	0.967982	110.728527	67.000000	180.000000	-491.8620545830	389
1.468331	1.604292	0.967982	110.728527	68.000000	180.000000	-491.8650903324	390
1.468331	1.604292	0.967982	110.728527	69.000000	180.000000	-491.8679825561	391
1.468331	1.604292	0.967982	110.728527	70.000000	180.000000	-491.8707389692	392
1.468331	1.604292	0.967982	110.728527	71.000000	180.000000	-491.8733666435	393
1.468331	1.604292	0.967982	110.728527	72.000000	180.000000	-491.8758720645	394
1.468331	1.604292	0.967982	110.728527	73.000000	180.000000	-491.8782611840	395
1.468331	1.604292	0.967982	110.728527	74.000000	180.000000	-491.8805394686	396
1.468331	1.604292	0.967982	110.728527	75.000000	180.000000	-491.8827119455	397
1.468331	1.604292	0.967982	110.728527	76.000000	180.000000	-491.8847832436	398
1.468331	1.604292	0.967982	110.728527	77.000000	180.000000	-491.8867576322	399
1.468331	1.604292	0.967982	110.728527	78.000000	180.000000	-491.8886390559	400
1.468331	1.604292	0.967982	110.728527	79.000000	180.000000	-491.8904311668	401
1.468331	1.604292	0.967982	110.728527	80.000000	180.000000	-491.8921373535	402
1.468331	1.604292	0.967982	110.728527	81.000000	180.000000	-491.8937607670	403
1.468331	1.604292	0.967982	110.728527	82.000000	180.000000	-491.8953043451	404
1.468331	1.604292	0.967982	110.728527	83.000000	180.000000	-491.8967708336	405
1.468331	1.604292	0.967982	110.728527	84.000000	180.000000	-491.8981628055	406
1.468331	1.604292	0.967982	110.728527	85.000000	180.000000	-491.8994826789	407
1.468331	1.604292	0.967982	110.728527	86.000000	180.000000	-491.9007327323	408
1.468331	1.604292	0.967982	110.728527	87.000000	180.000000	-491.9019151193	409
1.468331	1.604292	0.967982	110.728527	88.000000	180.000000	-491.9030318813	410
1.468331	1.604292	0.967982	110.728527	89.000000	180.000000	-491.9040849592	411
1.468331	1.604292	0.967982	110.728527	90.000000	180.000000	-491.9050762043	412
1.468331	1.604292	0.967982	110.728527	91.000000	180.000000	-491.9060073874	413
1.468331	1.604292	0.967982	110.728527	92.000000	180.000000	-491.9068802073	414
1.468331	1.604292	0.967982	110.728527	93.000000	180.000000	-491.9076962989	415
1.468331	1.604292	0.967982	110.728527	94.000000	180.000000	-491.9084572396	416
1.468331	1.604292	0.967982	110.728527	95.000000	180.000000	-491.9091645557	417
1.468331	1.604292	0.967982	110.728527	96.000000	180.000000	-491.9098197275	418
1.468331	1.604292	0.967982	110.728527	97.000000	180.000000	-491.9104241945	419
1.468331	1.604292	0.967982	110.728527	98.000000	180.000000	-491.9109793591	420
1.468331	1.604292	0.967982	110.728527	99.000000	180.000000	-491.9114865913	421
1.468331	1.604292	0.967982	110.728527	100.000000	180.000000	-491.9119472313	422
1.468331	1.604292	0.967982	110.728527	101.000000	180.000000	-491.9123625929	423
1.468331	1.604292	0.967982	110.728527	102.000000	180.000000	-491.9127339665	424
1.468331	1.604292	0.967982	110.728527	103.000000	180.000000	-491.9130626212	425
1.468331	1.604292	0.967982	110.728527	104.000000	180.000000	-491.9133498071	426
1.468331	1.604292	0.967982	110.728527	105.000000	180.000000	-491.9135967576	427
1.468331	1.604292	0.967982	110.728527	106.000000	180.000000	-491.9138046908	428
1.468331	1.604292	0.967982	110.728527	107.000000	180.000000	-491.9139748116	429
1.468331	1.604292	0.967982	110.728527	108.000000	180.000000	-491.9141083124	430
1.468331	1.604292	0.967982	110.728527	109.000000	180.000000	-491.9142063751	431
1.468331	1.604292	0.967982	110.728527	110.000000	180.000000	-491.9142701716	432
1.468331	1.604292	0.967982	110.728527	111.000000	180.000000	-491.9143008650	433
1.468331	1.604292	0.967982	110.728527	112.000000	180.000000	-491.9142996102	434
1.468331	1.604292	0.967982	110.728527	113.000000	180.000000	-491.9142675550	435
1.468331	1.604292	0.967982	110.728527	114.000000	180.000000	-491.9142058404	436
1.468331	1.604292	0.967982	110.728527	115.000000	180.000000	-491.9141156013	437
1.468331	1.604292	0.967982	110.728527	116.000000	180.000000	-491.9139979672	438
1.468331	1.604292	0.967982	110.728527	117.000000	180.000000	-491.9138540627	439
1.468331	1.604292	0.967982	110.728527	118.000000	180.000000	-491.9136850078	440
1.468331	1.604292	0.967982	110.728527	119.000000	180.000000	-491.9134919185	441
1.468331	1.604292	0.967982	110.728527	120.000000	180.000000	-491.9132759072	442
1.468331	1.604292	0.967982	110.728527	121.000000	180.000000	-491.9130380827	443
1.468331	1.604292	0.967982	110.728527	122.000000	180.000000	-491.9127795504	444
1.468331	1.604292	0.967982	110.728527	123.000000	180.000000	-491.9125014128	445
1.468331	1.604292	0.967982	110.728527	124.000000	180.000000	-491.9122047691	446
1.468331	1.604292	0.967982	110.728527	125.000000	180.000000	-491.9118907154	447
1.468331	1.604292	0.967982	110.728527	126.000000	180.000000	-491.9115603443	448
1.468331	1.604292	0.967982	110.728527	127.000000	180.000000	-491.9112147452	449
1.468331	1.604292	0.967982	110.728527	128.000000	180.000000	-491.9108550036	450
1.468331	1.604292	0.967982	110.728527	129.000000	180.000000	-491.9104822011	451
1.468331	1.604292	0.967982	110.728527	130.000000	180.000000	-491.9100974148	452
1.468331	1.604292	0.967982	110.728527	131.000000	180.000000	-491.9097017171	453
1.468331	1.604292	0.967982	110.728527	132.000000	180.000000	-491.9092961751	454
1.468331	1.604292	0.967982	110.728527	133.000000	180.000000	-491.9088818504	455
1.468331	1.604292	0.967982	110.728527	134.000000	180.000000	-491.9084597978	456
1.468331	1.604292	0.967982	110.728527	135.000000	180.000000	-491.9080310656	457
1.468331	1.604292	0.967982	110.728527	136.000000	180.000000	-491.9075966944	458
1.468331	1.604292	0.967982	110.728527	137.000000	180.000000	-491.9071577164	459
1.468331	1.604292	0.967982	110.728527	138.000000	180.000000	-491.9067151551	460
1.468331	1.604292	0.967982	110.728527	139.000000	180.000000	-491.9062700240	461
1.468331	1.604292	0.967982	110.728527	140.000000	180.000000	-491.9058233263	462
1.468331	1.604292	0.967982	110.728527	141.000000	180.000000	-491.9053760538	463
1.468331	1.604292	0.967982	110.728527	142.000000	180.000000	-491.9049291865	464
1.468331	1.604292	0.967982	110.728527	143.000000	180.000000	-491.9044836912	465
1.468331	1.604292	0.967982	110.728527	144.000000	180.000000	-491.9040405214	466
1.468331	1.604292	0.967982	110.728527	145.000000	180.000000	-491.9036006158	467
1.468331	1.604292	0.967982	110.728527	146.000000	180.000000	-491.9031648980	468
1.468331	1.604292	0.967982	110.728527	147.000000	180.000000	-491.9027342753	469
1.468331	1.604292	0.967982	110.728527	148.000000	180.000000	-491.9023096380	470
1.468331	1.604292	0.967982	110.728527	149.000000	180.000000	-491.9018918586	471
1.468331	1.604292	0.967982	110.728527	150.000000	180.000000	-491.9014817908	472
1.468331	1.604292	0.967982	110.728527	151.000000	180.000000	-491.9010802686	473
1.468331	1.604292	0.967982	110.728527	152.000000	180.000000	-491.9006881055	474
1.468331	1.604292	0.967982	110.728527	153.000000	180.000000	-491.9003060936	475
1.468331	1.604292	0.967982	110.728527	154.000000	180.000000	-491.8999350025	476
1.468331	1.604292	0.967982	110.728527	155.000000	180.000000	-491.8995755787	477
1.468331	1.604292	0.967982	110.728527	156.000000	180.000000	-491.8992285443	478
1.468331	1.604292	0.967982	110.728527	157.000000	180.000000	-491.8988945962	479
1.468331	1.604292	0.967982	110.728527	158.000000	180.000000	-491.8985744053	480
1.468331	1.604292	0.967982	110.728527	159.000000	180.000000	-491.8982686155	481
1.468331	1.604292	0.967982	110.728527	160.000000	180.000000	-491.8979778426	482
1.468331	1.604292	0.967982	110.728527	161.000000	180.000000	-491.8977026736	483
1.468331	1.604292	0.967982	110.728527	162.000000	180.000000	-491.8974436658	484
1.468331	1.604292	0.967982	110.728527	163.000000	180.000000	-491.8972013459	485
1.468331	1.604292	0.967982	110.728527	164.000000	180.000000	-491.8969762089	486
1.468331	1.604292	0.967982	110.728527	165.000000	180.000000	-491.8967687177	487
1.468331	1.604292	0.967982	110.728527	166.000000	180.000000	-491.8965793019	488
1.468331	1.604292	0.967982	110.728527	167.000000	180.000000	-491.8964083575	489
1.468331	1.604292	0.967982	110.728527	168.000000	180.000000	-491.8962562455	490
1.468331	1.604292	0.967982	110.728527	169.000000	180.000000	-491.8961232919	491
1.468331	1.604292	0.967982	110.728527	170.000000	180.000000	-491.8960097866	492
1.468331	1.604292	0.967982	110.728527	171.000000	180.000000	-491.8959159832	493
1.468331	1.604292	0.967982	110.728527	172.000000	180.000000	-491.8958420981	494
1.468331	1.604292	0.967982	110.728527	173.000000	180.000000	-491.8957883103	495
1.468331	1.604292	0.967982	110.728527	174.000000	180.000000	-491.8957547609	496
1.468331	1.604292	0.967982	110.728527	175.000000	180.000000	-491.8957415530	497
1.468331	1.604292	0.967982	110.728527	176.000000	180.000000	-491.8957487512	498
1.468331	1.604292	0.967982	110.728527	177.000000	180.000000	-491.8957763813	499
1.468331	1.604292	0.967982	110.728527	178.000000	180.000000	-491.8958244312	500
1.468331	1.604292	0.967982	110.728527	179.000000	180.000000	-491.8958928495	501
1.468331	1.604292	0.967982	110.728527	180.000000	180.000000	-491.8959815470	502
